0.005000 0
0.030000 -0.0023547659
0.055000 -0.0044974022
0.080000 -0.0065916785
0.105000 -0.0086525585
0.130000 -0.0106871
0.155000 -0.01269332
0.180000 -0.01467158
0.205000 -0.016615664
0.230000 -0.01854517
0.255000 -0.020453336
0.280000 -0.022302145
0.305000 -0.024183614
0.330000 -0.026039523
0.355000 -0.027883528
0.380000 -0.029710971
0.405000 -0.031527794
0.430000 -0.033329096
0.455000 -0.035116228
0.480000 -0.036880585
0.505000 -0.038622636
0.530000 -0.040365563
0.555000 -0.042105229
0.580000 -0.043839876
0.605000 -0.045532578
0.630000 -0.04724152
0.655000 -0.048867966
0.680000 -0.05054718
0.705000 -0.052217382
0.730000 -0.053866791
0.755000 -0.0554968
0.780000 -0.057129408
0.805000 -0.058680658
0.830000 -0.060326176
0.855000 -0.061922749
0.880000 -0.063535231
0.905000 -0.065127853
0.930000 -0.066709435
0.955000 -0.068241007
0.980000 -0.069797258
1.005000 -0.071306615
1.030000 -0.072849401
1.055000 -0.07438711
1.080000 -0.075894024
1.105000 -0.0774293
1.130000 -0.078959846
1.155000 -0.080474817
1.180000 -0.081989147
1.205000 -0.083472091
1.230000 -0.084986881
1.255000 -0.086466618
1.280000 -0.087892617
1.305000 -0.089382056
1.330000 -0.090822073
1.355000 -0.092224602
1.380000 -0.093665466
1.405000 -0.095117646
1.430000 -0.096554149
1.455000 -0.09801149
1.480000 -0.09940337
1.505000 -0.10079212
1.530000 -0.10214537
1.555000 -0.10355962
1.580000 -0.10491925
1.605000 -0.10630787
1.630000 -0.10770924
1.655000 -0.10902739
1.680000 -0.11038184
1.705000 -0.11173392
1.730000 -0.11309047
1.755000 -0.11446351
1.780000 -0.11584417
1.805000 -0.11719276
1.830000 -0.11847709
1.855000 -0.11982913
1.880000 -0.12113443
1.905000 -0.12252494
1.930000 -0.12377523
1.955000 -0.12511223
1.980000 -0.12644302
2.005000 -0.12775245
2.030000 -0.12901177
2.055000 -0.13035009
2.080000 -0.13159415
2.105000 -0.13277997
2.130000 -0.13411106
2.155000 -0.13539339
2.180000 -0.13665328
2.205000 -0.13789674
2.230000 -0.13913498
2.255000 -0.14047018
2.280000 -0.14176013
2.305000 -0.14298046
2.330000 -0.14422995
2.355000 -0.14542351
2.380000 -0.14666878
2.405000 -0.14787545
2.430000 -0.14912875
2.455000 -0.15037354
2.480000 -0.15158588
2.505000 -0.15277434
2.530000 -0.15391228
2.555000 -0.15509325
2.580000 -0.15622707
2.605000 -0.15745071
2.630000 -0.1586213
2.655000 -0.15979935
2.680000 -0.16101299
2.705000 -0.16220493
2.730000 -0.16333704
2.755000 -0.16448005
2.780000 -0.16570748
2.805000 -0.16678922
2.830000 -0.16800671
2.855000 -0.16910723
2.880000 -0.17030137
2.905000 -0.17139055
2.930000 -0.17244573
2.955000 -0.17361592
2.980000 -0.17475383
3.005000 -0.17587342
3.030000 -0.17697773
3.055000 -0.1782065
3.080000 -0.1793213
3.105000 -0.18042563
3.130000 -0.18150916
3.155000 -0.18257741
3.180000 -0.18372818
3.205000 -0.18479155
3.230000 -0.18589977
3.255000 -0.18696382
3.280000 -0.18796162
3.305000 -0.18896251
3.330000 -0.19004804
3.355000 -0.19114196
3.380000 -0.19220245
3.405000 -0.19334062
3.430000 -0.19435698
3.455000 -0.19540524
3.480000 -0.19643649
3.505000 -0.19752769
3.530000 -0.19851121
3.555000 -0.19963984
3.580000 -0.20066472
3.605000 -0.20155765
3.630000 -0.20262313
3.655000 -0.20364305
3.680000 -0.20464204
3.705000 -0.20580464
3.730000 -0.20684898
3.755000 -0.20786202
3.780000 -0.20883743
3.805000 -0.20985665
3.830000 -0.21081363
3.855000 -0.21185851
3.880000 -0.21281506
3.905000 -0.21372743
3.930000 -0.21466344
3.955000 -0.21557375
3.980000 -0.21663825
4.005000 -0.21762177
4.030000 -0.21856558
4.055000 -0.21958681
4.080000 -0.22050141
4.105000 -0.22154035
4.130000 -0.22243207
4.155000 -0.22344607
4.180000 -0.22437071
4.205000 -0.22521066
4.230000 -0.22621639
4.255000 -0.2270959
4.280000 -0.22818931
4.305000 -0.22917379
4.330000 -0.2301316
4.355000 -0.23095798
4.380000 -0.23195199
4.405000 -0.23278773
4.430000 -0.23376017
4.455000 -0.23461956
4.480000 -0.23547363
4.505000 -0.23625611
4.530000 -0.23727293
4.555000 -0.2381865
4.580000 -0.23906431
4.605000 -0.24000202
4.630000 -0.24086703
4.655000 -0.24172676
4.680000 -0.24269699
4.705000 -0.24354741
4.730000 -0.24433467
4.755000 -0.24524946
4.780000 -0.2460599
4.805000 -0.24708658
4.830000 -0.24799895
4.855000 -0.24891424
4.880000 -0.24970413
4.905000 -0.25057978
4.930000 -0.25141871
4.955000 -0.25225072
4.980000 -0.25299268
5.005000 -0.25385129
5.030000 -0.25461545
5.055000 -0.25553734
5.080000 -0.25634739
5.105000 -0.25728478
5.130000 -0.25804021
5.155000 -0.25885493
5.180000 -0.25977008
5.205000 -0.26052924
5.230000 -0.26132319
5.255000 -0.26209666
5.280000 -0.26294325
5.305000 -0.26391995
5.330000 -0.26474041
5.355000 -0.2655242
5.380000 -0.26637621
5.405000 -0.26708579
5.430000 -0.2679481
5.455000 -0.26860676
5.480000 -0.26951456
5.505000 -0.2701338
5.530000 -0.27100945
5.555000 -0.27180496
5.580000 -0.27263695
5.605000 -0.27339772
5.630000 -0.27414309
5.655000 -0.27499663
5.680000 -0.2756488
5.705000 -0.27654643
5.730000 -0.27714418
5.755000 -0.27813076
5.780000 -0.27894714
5.805000 -0.27974848
5.830000 -0.28048219
5.855000 -0.2811457
5.880000 -0.28197938
5.905000 -0.28261896
5.930000 -0.28349198
5.955000 -0.28410889
5.980000 -0.28488985
6.005000 -0.28566591
6.030000 -0.28642727
6.055000 -0.2871104
6.080000 -0.28789315
6.105000 -0.28865341
6.130000 -0.28931511
6.155000 -0.29018859
6.180000 -0.2908417
6.205000 -0.29175601
6.230000 -0.29248593
6.255000 -0.29316875
6.280000 -0.29390971
6.305000 -0.29462334
6.330000 -0.29529988
6.355000 -0.29609752
6.380000 -0.29671464
6.405000 -0.29753065
6.430000 -0.29819399
6.455000 -0.29898492
6.480000 -0.29960867
6.505000 -0.30033715
6.530000 -0.30102575
6.555000 -0.30172614
6.580000 -0.30253798
6.605000 -0.30330992
6.630000 -0.30401551
6.655000 -0.30479432
6.680000 -0.30543855
6.705000 -0.30608305
6.730000 -0.3068371
6.755000 -0.30751108
6.780000 -0.30821312
6.805000 -0.30894277
6.830000 -0.30974186
6.855000 -0.31029489
6.880000 -0.31089713
6.905000 -0.31164502
6.930000 -0.3124291
6.955000 -0.31303501
6.980000 -0.31385256
7.005000 -0.31453598
7.030000 -0.31542956
7.055000 -0.31611979
7.080000 -0.31666415
7.105000 -0.31732088
7.130000 -0.31806258
7.155000 -0.31871977
7.180000 -0.31939268
7.205000 -0.32012657
7.230000 -0.3209109
7.255000 -0.32157754
7.280000 -0.32210524
7.305000 -0.32287873
7.330000 -0.32353225
7.355000 -0.32420442
7.380000 -0.32493167
7.405000 -0.3257257
7.430000 -0.32647327
7.455000 -0.32721028
7.480000 -0.32781456
7.505000 -0.32848341
7.530000 -0.3290825
7.555000 -0.32980794
7.580000 -0.33040033
7.605000 -0.33120514
7.630000 -0.33182279
7.655000 -0.3323729
7.680000 -0.33311652
7.705000 -0.33377333
7.730000 -0.33442059
7.755000 -0.33511289
7.780000 -0.33585536
7.805000 -0.33663049
7.830000 -0.33726015
7.855000 -0.33789635
7.880000 -0.33848961
7.905000 -0.33915411
7.930000 -0.33984844
7.955000 -0.34043858
7.980000 -0.34121806
8.005000 -0.34179388
8.030000 -0.34225808
8.055000 -0.34303766
8.080000 -0.34367249
8.105000 -0.34433625
8.130000 -0.34500268
8.155000 -0.34581129
8.180000 -0.34649147
8.205000 -0.34706455
8.230000 -0.34770246
8.255000 -0.34825338
8.280000 -0.34900288
8.305000 -0.34955482
8.330000 -0.35029839
8.355000 -0.3509721
8.380000 -0.35152389
8.405000 -0.3521947
8.430000 -0.35281415
8.455000 -0.35352217
8.480000 -0.35409994
8.505000 -0.35484522
8.530000 -0.35558709
8.555000 -0.35620076
8.580000 -0.356802
8.605000 -0.35732785
8.630000 -0.3580905
8.655000 -0.35862353
8.680000 -0.35934343
8.705000 -0.36007095
8.730000 -0.36054672
8.755000 -0.36121321
8.780000 -0.36181426
8.805000 -0.36255119
8.830000 -0.36305437
8.855000 -0.36389378
8.880000 -0.36458516
8.905000 -0.36518304
8.930000 -0.36577599
8.955000 -0.36634322
8.980000 -0.36707031
9.005000 -0.36756613
9.030000 -0.36835244
9.055000 -0.36899255
9.080000 -0.36951026
9.105000 -0.37015168
9.130000 -0.37077807
9.155000 -0.37143718
9.180000 -0.3720957
9.205000 -0.37288881
9.230000 -0.37349361
9.255000 -0.37408894
9.280000 -0.37455359
9.305000 -0.37530079
9.330000 -0.37589668
9.355000 -0.37658084
9.380000 -0.37733755
9.405000 -0.37778408
9.430000 -0.37843384
9.455000 -0.37898684
9.480000 -0.37977594
9.505000 -0.38031672
9.530000 -0.38112566
9.555000 -0.38178653
9.580000 -0.38237069
9.605000 -0.38279594
9.630000 -0.38351361
9.655000 -0.38412929
9.680000 -0.3848281
9.705000 -0.38555666
9.730000 -0.38599103
9.755000 -0.38664054
9.780000 -0.38717211
9.805000 -0.38802985
9.830000 -0.38852295
9.855000 -0.38932882
9.880000 -0.38997875
9.905000 -0.39060771
9.930000 -0.39104245
9.955000 -0.3917651
9.980000 -0.39230148
10.005000 -0.39308858
10.030000 -0.39374301
10.055000 -0.3941813
10.080000 -0.39476503
10.105000 -0.39541338
10.130000 -0.39615544
10.155000 -0.39674423
10.180000 -0.39750097
10.205000 -0.39809485
10.230000 -0.39859559
10.255000 -0.39915159
10.280000 -0.39991357
10.305000 -0.40044011
10.330000 -0.40122593
10.355000 -0.40171098
10.380000 -0.40227544
10.405000 -0.4028065
10.430000 -0.40364303
10.455000 -0.40412056
10.480000 -0.40493074
10.505000 -0.40558216
10.530000 -0.40607961
10.555000 -0.4066005
10.580000 -0.40733171
10.605000 -0.40790198
10.630000 -0.40867214
10.655000 -0.40920731
10.680000 -0.40962569
10.705000 -0.41029413
10.730000 -0.4109771
10.755000 -0.41159024
10.780000 -0.41230346
10.805000 -0.4129781
10.830000 -0.41344941
10.855000 -0.41404196
10.880000 -0.41470788
10.905000 -0.41535555
10.930000 -0.41602074
10.955000 -0.41657419
10.980000 -0.4169428
11.005000 -0.41770512
11.030000 -0.41832534
11.055000 -0.41899673
11.080000 -0.41963163
11.105000 -0.42032432
11.130000 -0.42077292
11.155000 -0.4214197
11.180000 -0.422041
11.205000 -0.42263371
11.230000 -0.42336947
11.255000 -0.42388622
11.280000 -0.42427185
11.305000 -0.42497428
11.330000 -0.42559906
11.355000 -0.42625624
11.380000 -0.4269426
11.405000 -0.42757911
11.430000 -0.42807639
11.455000 -0.42859606
11.480000 -0.42929507
11.505000 -0.42990502
11.530000 -0.43055507
11.555000 -0.43113705
11.580000 -0.43164881
11.605000 -0.43219747
11.630000 -0.43287114
11.655000 -0.4334918
11.680000 -0.43416284
11.705000 -0.43473913
11.730000 -0.43541898
11.755000 -0.43581845
11.780000 -0.43652579
11.805000 -0.43715771
11.830000 -0.43769798
11.855000 -0.43823049
11.880000 -0.43896525
11.905000 -0.43939967
11.930000 -0.44012478
11.955000 -0.44067987
11.980000 -0.44133628
12.005000 -0.44193811
12.030000 -0.44243375
12.055000 -0.44309682
12.080000 -0.44371388
12.105000 -0.4442496
12.130000 -0.44492581
12.155000 -0.44557739
12.180000 -0.44598684
12.205000 -0.4466821
12.230000 -0.44722059
12.255000 -0.44788116
12.280000 -0.44850469
12.305000 -0.4491362
12.330000 -0.44961579
12.355000 -0.45029183
12.380000 -0.45077566
12.405000 -0.4515297
12.430000 -0.45211945
12.455000 -0.45267077
12.480000 -0.45322054
12.505000 -0.45376488
12.530000 -0.4544129
12.555000 -0.45507981
12.580000 -0.45569958
12.605000 -0.4561761
12.630000 -0.45683735
12.655000 -0.45734849
12.680000 -0.45807015
12.705000 -0.4586597
12.730000 -0.45922022
12.755000 -0.45978757
12.780000 -0.46033888
12.805000 -0.46099633
12.830000 -0.46163928
12.855000 -0.46220789
12.880000 -0.46274581
12.905000 -0.46330357
12.930000 -0.46397708
12.955000 -0.46469563
12.980000 -0.46535938
13.005000 -0.46585583
13.030000 -0.46641663
13.055000 -0.46694629
13.080000 -0.46774401
13.105000 -0.46837898
13.130000 -0.46884909
13.155000 -0.4693637
13.180000 -0.46993445
13.205000 -0.47065323
13.230000 -0.47131011
13.255000 -0.47192317
13.280000 -0.47244141
13.305000 -0.4729925
13.330000 -0.47362563
13.355000 -0.47435768
13.380000 -0.47494687
13.405000 -0.47547785
13.430000 -0.47586958
13.455000 -0.47655601
13.480000 -0.47728052
13.505000 -0.47789788
13.530000 -0.47846277
13.555000 -0.47894479
13.580000 -0.47946371
13.605000 -0.48024163
13.630000 -0.48089591
13.655000 -0.48135117
13.680000 -0.48183795
13.705000 -0.48243488
13.730000 -0.4831291
13.755000 -0.48380044
13.780000 -0.48432587
13.805000 -0.48489724
13.830000 -0.4852998
13.855000 -0.48604216
13.880000 -0.48680053
13.905000 -0.48727917
13.930000 -0.48781467
13.955000 -0.48820194
13.980000 -0.48898024
14.005000 -0.48967919
14.030000 -0.49019302
14.055000 -0.49081106
14.080000 -0.4911339
14.105000 -0.49185623
14.130000 -0.49264572
14.155000 -0.49317522
14.180000 -0.4936564
14.205000 -0.4940324
14.230000 -0.49485449
14.255000 -0.49551989
14.280000 -0.49604314
14.305000 -0.4966783
14.330000 -0.49697667
14.355000 -0.49768464
14.380000 -0.49843565
14.405000 -0.49894225
14.430000 -0.49950849
14.455000 -0.49986143
14.480000 -0.50069066
14.505000 -0.50135405
14.530000 -0.50181696
14.555000 -0.50250347
14.580000 -0.50282094
14.605000 -0.50352514
14.630000 -0.5042479
14.655000 -0.50475299
14.680000 -0.50532232
14.705000 -0.50568065
14.730000 -0.50652104
14.755000 -0.50720091
14.780000 -0.50760872
14.805000 -0.50828078
14.830000 -0.5086588
14.855000 -0.50936435
14.880000 -0.51011227
14.905000 -0.51057021
14.930000 -0.51100929
14.955000 -0.51149416
14.980000 -0.51227561
15.005000 -0.51297182
15.030000 -0.51343275
15.055000 -0.51394267
15.080000 -0.51444093
15.105000 -0.5150854
15.130000 -0.51575106
15.155000 -0.51630944
15.180000 -0.51677489
15.205000 -0.51730065
15.230000 -0.51802407
15.255000 -0.51856846
15.280000 -0.51915549
15.305000 -0.51965687
15.330000 -0.52024105
15.355000 -0.52087268
15.380000 -0.52144447
15.405000 -0.5219294
15.430000 -0.52248096
15.455000 -0.52313456
15.480000 -0.52377057
15.505000 -0.52425509
15.530000 -0.52473522
15.555000 -0.52534339
15.580000 -0.52595583
15.605000 -0.52649584
15.630000 -0.52711509
15.655000 -0.52756942
15.680000 -0.52809544
15.705000 -0.52878042
15.730000 -0.52932486
15.755000 -0.52984131
15.780000 -0.53036215
15.805000 -0.53096435
15.830000 -0.53149388
15.855000 -0.53208944
15.880000 -0.53252707
15.905000 -0.53317926
15.930000 -0.53375888
15.955000 -0.53436025
15.980000 -0.5349386
16.005000 -0.53539782
16.030000 -0.53598819
16.055000 -0.53645763
16.080000 -0.53669755
16.105000 -0.53726044
16.130000 -0.53792295
16.155000 -0.53847313
16.180000 -0.53897007
16.205000 -0.53955167
16.230000 -0.53993533
16.255000 -0.54058181
16.280000 -0.54099172
16.305000 -0.54147461
16.330000 -0.54208767
16.355000 -0.54258604
16.380000 -0.54312887
16.405000 -0.54357814
16.430000 -0.54410526
16.455000 -0.54449582
16.480000 -0.54514459
16.505000 -0.54565863
16.530000 -0.54610645
16.555000 -0.54671512
16.580000 -0.54718674
16.605000 -0.54774252
16.630000 -0.54812382
16.655000 -0.54866576
16.680000 -0.54900686
16.705000 -0.54952371
16.730000 -0.55019009
16.755000 -0.55057582
16.780000 -0.55113657
16.805000 -0.55159719
16.830000 -0.55222216
16.855000 -0.55262411
16.880000 -0.55309034
16.905000 -0.55348888
16.930000 -0.55390821
16.955000 -0.55455158
16.980000 -0.55481933
17.005000 -0.55535311
17.030000 -0.55584159
17.055000 -0.55652399
17.080000 -0.5568889
17.105000 -0.55733997
17.130000 -0.5575987
17.155000 -0.55811779
17.180000 -0.558627
17.205000 -0.55888482
17.230000 -0.55935679
17.255000 -0.55960241
17.280000 -0.56022217
17.305000 -0.5605842
17.330000 -0.56102593
17.355000 -0.561151
17.380000 -0.56167776
17.405000 -0.56214322
17.430000 -0.5623527
17.455000 -0.56270082
17.480000 -0.56302816
17.505000 -0.5633836
17.530000 -0.56330523
17.555000 -0.56356522
17.580000 -0.56365005
17.605000 -0.56421013
17.630000 -0.56453661
17.655000 -0.56466256
17.680000 -0.56497088
17.705000 -0.56503603
17.730000 -0.56510441
17.755000 -0.56489218
17.780000 -0.56469952
17.805000 -0.56398262
17.830000 -0.56294578
17.855000 -0.56361783
17.880000 -0.56366901
17.905000 -0.56387356
17.930000 -0.56311991
17.955000 -0.56097846
17.980000 -0.56002904
18.005000 -0.56025755
18.030000 -0.55960554
18.055000 -0.55726143
18.080000 -0.55391412
18.105000 -0.5536595
18.130000 -0.51896977
18.155000 -0.51965188
18.180000 -0.52229859
18.205000 -0.52415268
18.230000 -0.52539269
18.255000 -0.52620335
18.280000 -0.52403475
18.305000 -0.52427546
18.330000 -0.52476404
18.355000 -0.52482654
18.380000 -0.52493084
18.405000 -0.52544659
18.430000 -0.52568881
18.455000 -0.52603859
18.480000 -0.52602198
18.505000 -0.52621204
18.530000 -0.5265434
18.555000 -0.5268465
18.580000 -0.52711248
18.605000 -0.52718
18.630000 -0.52741235
18.655000 -0.52778632
18.680000 -0.52804295
18.705000 -0.52803526
18.730000 -0.52813873
18.755000 -0.52839663
18.780000 -0.52859102
18.805000 -0.5289098
18.830000 -0.52897043
18.855000 -0.52921935
18.880000 -0.52940208
18.905000 -0.52958397
18.930000 -0.52972148
18.955000 -0.52989689
18.980000 -0.5301355
19.005000 -0.53021959
19.030000 -0.53068806
19.055000 -0.53060628
19.080000 -0.53083159
19.105000 -0.53113761
19.130000 -0.53152334
19.155000 -0.5315243
19.180000 -0.53150554
19.205000 -0.53164435
19.230000 -0.5319442
19.255000 -0.53239127
19.280000 -0.53232248
19.305000 -0.53254055
19.330000 -0.53279588
19.355000 -0.53312894
19.380000 -0.53325365
19.405000 -0.53318739
19.430000 -0.53355759
19.455000 -0.53362679
19.480000 -0.53411134
19.505000 -0.53411321
19.530000 -0.53428103
19.555000 -0.53453805
19.580000 -0.53480782
19.605000 -0.53505569
19.630000 -0.53490201
19.655000 -0.53532701
19.680000 -0.53532136
19.705000 -0.53582959
19.730000 -0.53588965
19.755000 -0.5358413
19.780000 -0.53635326
19.805000 -0.53638174
19.830000 -0.53674957
19.855000 -0.5367157
19.880000 -0.53679864
19.905000 -0.5369364
19.930000 -0.53701812
19.955000 -0.53730255
19.980000 -0.53730007
20.005000 -0.53749698
20.030000 -0.53766608
20.055000 -0.537926
20.080000 -0.53820494
20.105000 -0.53802173
20.130000 -0.5379497
20.155000 -0.53824117
20.180000 -0.53842049
20.205000 -0.53866136
20.230000 -0.53856467
20.255000 -0.53875658
20.280000 -0.53900508
20.305000 -0.53931173
20.330000 -0.53927764
20.355000 -0.53942831
20.380000 -0.53952925
20.405000 -0.53955377
20.430000 -0.53979099
20.455000 -0.54014986
20.480000 -0.54015501
20.505000 -0.54034371
20.530000 -0.54060282
20.555000 -0.54076353
20.580000 -0.54078867
20.605000 -0.54082089
20.630000 -0.54106097
20.655000 -0.54116188
20.680000 -0.54158633
20.705000 -0.54144787
20.730000 -0.54162148
20.755000 -0.54203293
20.780000 -0.54225479
20.805000 -0.54236973
20.830000 -0.54244602
20.855000 -0.54248045
20.880000 -0.54275639
20.905000 -0.54288947
20.930000 -0.54308971
20.955000 -0.54330374
20.980000 -0.54335819
21.005000 -0.54363219
21.030000 -0.54388112
21.055000 -0.54402017
21.080000 -0.54415588
21.105000 -0.54411532
21.130000 -0.5444217
21.155000 -0.54469861
21.180000 -0.54474113
21.205000 -0.54485206
21.230000 -0.54510121
21.255000 -0.54536631
21.280000 -0.54543523
21.305000 -0.54550393
21.330000 -0.5457917
21.355000 -0.54595035
21.380000 -0.54587847
21.405000 -0.54593133
21.430000 -0.5461738
21.455000 -0.54652863
21.480000 -0.54662424
21.505000 -0.54694214
21.530000 -0.54681055
21.555000 -0.54701885
21.580000 -0.54709288
21.605000 -0.54737101
21.630000 -0.54726581
21.655000 -0.54758182
21.680000 -0.54807539
21.705000 -0.54797649
21.730000 -0.54803597
21.755000 -0.54803574
21.780000 -0.54805519
21.805000 -0.54869351
21.830000 -0.5485986
21.855000 -0.5486101
21.880000 -0.54886091
21.905000 -0.54892177
21.930000 -0.548843
21.955000 -0.5494612
21.980000 -0.54945897
22.005000 -0.54967922
22.030000 -0.54977729
22.055000 -0.5497886
22.080000 -0.54984423
22.105000 -0.5507087
22.130000 -0.55050435
22.155000 -0.550389
22.180000 -0.55054344
22.205000 -0.55121336
22.230000 -0.55117462
22.255000 -0.55129836
22.280000 -0.55101413
22.305000 -0.55165505
22.330000 -0.55170005
22.355000 -0.55188284
22.379999 -0.55182141
22.404999 -0.55181504
22.429999 -0.55196442
22.454999 -0.55246022
22.479999 -0.55230192
22.504999 -0.55253043
22.529999 -0.55242722
22.554999 -0.55251119
22.579999 -0.55259131
22.604999 -0.55330949
22.629999 -0.55310237
22.654999 -0.55302533
22.679999 -0.55333369
22.704999 -0.55348352
22.729999 -0.55363374
22.754999 -0.55343528
22.779999 -0.55398125
22.804999 -0.55384631
22.829999 -0.55426288
22.854999 -0.55434889
22.879999 -0.55431167
22.904999 -0.55455413
22.929999 -0.55471093
22.954999 -0.55469584
22.979999 -0.55483102
23.004999 -0.55500475
23.029999 -0.55520411
23.054999 -0.55512174
23.079999 -0.55544936
23.104999 -0.55546642
23.129999 -0.5557082
23.154999 -0.55564316
23.179999 -0.55619794
23.204999 -0.55630849
23.229999 -0.55647395
23.254999 -0.55658678
23.279999 -0.55648365
23.304999 -0.55665097
23.329999 -0.55672528
23.354999 -0.556722
23.379999 -0.55684699
23.404999 -0.55686077
23.429999 -0.5572178
23.454999 -0.55747461
23.479999 -0.55732437
23.504999 -0.55743682
23.529999 -0.55760324
23.554999 -0.55746348
23.579999 -0.55772187
23.604999 -0.55788191
23.629999 -0.55810952
23.654999 -0.55803716
23.679999 -0.55833204
23.704999 -0.55858691
23.729999 -0.55868148
23.754999 -0.55877419
23.779999 -0.55854677
23.804999 -0.55867611
23.829999 -0.55877721
23.854999 -0.5588913
23.879999 -0.55926928
23.904999 -0.55920108
23.929999 -0.55939951
23.954999 -0.55949984
23.979999 -0.55940385
24.004999 -0.55928205
24.029999 -0.55911111
24.054999 -0.55918736
24.079999 -0.55928468
24.104999 -0.55946683
24.129999 -0.55960129
24.154999 -0.55976728
24.179999 -0.55977001
24.204999 -0.55981479
24.229999 -0.55999584
24.254999 -0.56017467
24.279999 -0.56021012
24.304999 -0.56017358
24.329999 -0.56036101
24.354999 -0.56033939
24.379999 -0.56050148
24.404999 -0.56052686
24.429999 -0.56079274
24.454999 -0.56044134
24.479999 -0.56039005
24.504999 -0.56068677
24.529999 -0.56062968
24.554999 -0.56083475
24.579999 -0.56062671
24.604999 -0.56075958
24.629999 -0.56102467
24.654999 -0.56085781
24.679999 -0.56087073
24.704999 -0.56119307
24.729999 -0.56159661
24.754999 -0.56165107
24.779999 -0.56193072
24.804999 -0.56182714
24.829999 -0.56217869
24.854999 -0.56193669
24.879999 -0.56175404
24.904999 -0.5617166
24.929999 -0.56193459
24.954999 -0.5619593
24.979999 -0.56206702
