0.005000 0
0.030000 -0.0023499235
0.055000 -0.0044822416
0.080000 -0.0065743402
0.105000 -0.0086390136
0.130000 -0.010682054
0.155000 -0.012700784
0.180000 -0.01469546
0.205000 -0.016669242
0.230000 -0.018622458
0.255000 -0.020556725
0.280000 -0.022478303
0.305000 -0.024374109
0.330000 -0.026256278
0.355000 -0.028124496
0.380000 -0.029955345
0.405000 -0.031772332
0.430000 -0.033573462
0.455000 -0.035350627
0.480000 -0.037120226
0.505000 -0.038880995
0.530000 -0.040611777
0.555000 -0.042339778
0.580000 -0.044014605
0.605000 -0.045687274
0.630000 -0.047395753
0.655000 -0.049008004
0.680000 -0.050630579
0.705000 -0.052309152
0.730000 -0.05399992
0.755000 -0.055666679
0.780000 -0.057316141
0.805000 -0.058966576
0.830000 -0.060587766
0.855000 -0.06219775
0.880000 -0.063819877
0.905000 -0.065453477
0.930000 -0.067063465
0.955000 -0.068571434
0.980000 -0.069884476
1.005000 -0.071525509
1.030000 -0.073088957
1.055000 -0.074609855
1.080000 -0.076150312
1.105000 -0.07766919
1.130000 -0.07924452
1.155000 -0.080803612
1.180000 -0.082378543
1.205000 -0.083882189
1.230000 -0.0854814
1.255000 -0.087041013
1.280000 -0.088606531
1.305000 -0.090152587
1.330000 -0.091694562
1.355000 -0.093223529
1.380000 -0.094688365
1.405000 -0.096185803
1.430000 -0.097700809
1.455000 -0.099139917
1.480000 -0.10056659
1.505000 -0.10169136
1.530000 -0.10317323
1.555000 -0.10458336
1.580000 -0.10600251
1.605000 -0.10741412
1.630000 -0.10888181
1.655000 -0.11009404
1.680000 -0.11143248
1.705000 -0.11283781
1.730000 -0.11416738
1.755000 -0.11547241
1.780000 -0.11694254
1.805000 -0.11826747
1.830000 -0.11968464
1.855000 -0.12106731
1.880000 -0.12251046
1.905000 -0.12396679
1.930000 -0.12545155
1.955000 -0.12682944
1.980000 -0.12821495
2.005000 -0.12948802
2.030000 -0.13064433
2.055000 -0.13186723
2.080000 -0.1331966
2.105000 -0.13453375
2.130000 -0.13586353
2.155000 -0.13708182
2.180000 -0.13800089
2.205000 -0.13934274
2.230000 -0.14062357
2.255000 -0.14192306
2.280000 -0.14335671
2.305000 -0.14467727
2.330000 -0.14608738
2.355000 -0.14747752
2.380000 -0.14887315
2.405000 -0.15019042
2.430000 -0.15157532
2.455000 -0.1527954
2.480000 -0.1536887
2.505000 -0.15502266
2.530000 -0.15630375
2.555000 -0.1575989
2.580000 -0.15868923
2.605000 -0.15982427
2.630000 -0.16103971
2.655000 -0.16214707
2.680000 -0.16349179
2.705000 -0.16466695
2.730000 -0.16597235
2.755000 -0.16728646
2.780000 -0.16863979
2.805000 -0.1699198
2.830000 -0.17122065
2.855000 -0.17220215
2.880000 -0.17324638
2.905000 -0.1744697
2.930000 -0.1757374
2.955000 -0.1766826
2.980000 -0.17760896
3.005000 -0.17875098
3.030000 -0.17994484
3.055000 -0.18126097
3.080000 -0.18250351
3.105000 -0.18378465
3.130000 -0.18507685
3.155000 -0.18632001
3.180000 -0.18759798
3.205000 -0.18843245
3.230000 -0.18948716
3.255000 -0.190732
3.280000 -0.19196184
3.305000 -0.19277889
3.330000 -0.19392779
3.355000 -0.19493342
3.380000 -0.19613047
3.405000 -0.19726494
3.430000 -0.19848619
3.455000 -0.19975638
3.480000 -0.2009603
3.505000 -0.20212481
3.530000 -0.20295937
3.555000 -0.20397463
3.580000 -0.20515904
3.605000 -0.20615014
3.630000 -0.20690154
3.655000 -0.20793062
3.680000 -0.20904171
3.705000 -0.21017211
3.730000 -0.21147121
3.755000 -0.21267875
3.780000 -0.21384236
3.805000 -0.21505418
3.830000 -0.21571265
3.855000 -0.21680419
3.880000 -0.21797212
3.905000 -0.21877817
3.930000 -0.21981672
3.955000 -0.22078489
3.980000 -0.22184673
4.005000 -0.22295259
4.030000 -0.22410447
4.055000 -0.22528257
4.080000 -0.2264069
4.105000 -0.2272042
4.130000 -0.22811962
4.155000 -0.22919361
4.180000 -0.23002209
4.205000 -0.23076736
4.230000 -0.23176551
4.255000 -0.23286477
4.280000 -0.23392277
4.305000 -0.23512684
4.330000 -0.23624411
4.355000 -0.23738794
4.380000 -0.23802193
4.405000 -0.23899856
4.430000 -0.24007102
4.455000 -0.24079729
4.480000 -0.24170553
4.505000 -0.24268847
4.530000 -0.24362745
4.555000 -0.24476638
4.580000 -0.24588615
4.605000 -0.24694819
4.630000 -0.24771303
4.655000 -0.24855208
4.680000 -0.24954804
4.705000 -0.25028263
4.730000 -0.25097411
4.755000 -0.25192103
4.780000 -0.25291196
4.805000 -0.25406662
4.830000 -0.25515729
4.855000 -0.25620497
4.880000 -0.25687419
4.905000 -0.25771122
4.930000 -0.25874606
4.955000 -0.2594451
4.980000 -0.26027588
5.005000 -0.26117248
5.030000 -0.26210312
5.055000 -0.26315942
5.080000 -0.2641988
5.105000 -0.26509615
5.130000 -0.26580079
5.155000 -0.2666527
5.180000 -0.26739441
5.205000 -0.2680842
5.230000 -0.26882005
5.255000 -0.26976944
5.280000 -0.27084452
5.305000 -0.27189312
5.330000 -0.27283505
5.355000 -0.27341606
5.380000 -0.27433628
5.405000 -0.27515559
5.430000 -0.27590292
5.455000 -0.27665957
5.480000 -0.27748372
5.505000 -0.27849888
5.530000 -0.27943281
5.555000 -0.2803258
5.580000 -0.28100242
5.605000 -0.28178549
5.630000 -0.28248343
5.655000 -0.28319781
5.680000 -0.28379278
5.705000 -0.28461331
5.730000 -0.2856375
5.755000 -0.2866675
5.780000 -0.28746987
5.805000 -0.28807492
5.830000 -0.28897457
5.855000 -0.28958947
5.880000 -0.29031474
5.905000 -0.29111392
5.930000 -0.29188697
5.955000 -0.29288565
5.980000 -0.29371754
6.005000 -0.29446053
6.030000 -0.29511887
6.055000 -0.29578884
6.080000 -0.29641434
6.105000 -0.29702136
6.130000 -0.29768789
6.155000 -0.29857118
6.180000 -0.29959925
6.205000 -0.30035169
6.230000 -0.3009391
6.255000 -0.30173994
6.280000 -0.30231054
6.305000 -0.30300657
6.330000 -0.30375917
6.355000 -0.30453208
6.380000 -0.30544498
6.405000 -0.30615044
6.430000 -0.30685935
6.455000 -0.30741248
6.480000 -0.30802416
6.505000 -0.30862041
6.530000 -0.30918392
6.555000 -0.30982804
6.580000 -0.31078548
6.605000 -0.31161293
6.630000 -0.31219697
6.655000 -0.3128656
6.680000 -0.31343976
6.705000 -0.31409801
6.730000 -0.31472153
6.755000 -0.31536032
6.780000 -0.31619533
6.805000 -0.31684807
6.830000 -0.31752843
6.855000 -0.31800362
6.880000 -0.31858951
6.905000 -0.31908895
6.930000 -0.31961016
6.955000 -0.32020696
6.980000 -0.32115118
7.005000 -0.32180283
7.030000 -0.32236966
7.055000 -0.32303165
7.080000 -0.32357087
7.105000 -0.3241363
7.130000 -0.32470387
7.155000 -0.32538621
7.180000 -0.32615324
7.205000 -0.32667977
7.230000 -0.32726485
7.255000 -0.32771727
7.280000 -0.32834895
7.305000 -0.32873642
7.330000 -0.32921496
7.355000 -0.33004793
7.380000 -0.33079231
7.405000 -0.33141355
7.430000 -0.3319139
7.455000 -0.33230342
7.480000 -0.33283038
7.505000 -0.33349398
7.530000 -0.33410161
7.555000 -0.33481975
7.580000 -0.33533028
7.605000 -0.3358338
7.630000 -0.33633835
7.655000 -0.33685951
7.680000 -0.33728729
7.705000 -0.33775102
7.730000 -0.33848506
7.755000 -0.33917056
7.780000 -0.33981933
7.805000 -0.3402896
7.830000 -0.34062054
7.855000 -0.34109791
7.880000 -0.34172677
7.905000 -0.34234424
7.930000 -0.34299603
7.955000 -0.3434883
7.980000 -0.34387424
8.005000 -0.34424565
8.030000 -0.34490189
8.055000 -0.34522727
8.080000 -0.34566212
8.105000 -0.346447
8.130000 -0.34700681
8.155000 -0.34739173
8.180000 -0.34790072
8.205000 -0.34844948
8.230000 -0.34881775
8.255000 -0.34939625
8.280000 -0.34998874
8.305000 -0.35043604
8.330000 -0.35084718
8.355000 -0.35134331
8.380000 -0.35184585
8.405000 -0.35225298
8.430000 -0.35256924
8.455000 -0.35313827
8.480000 -0.3537786
8.505000 -0.35430234
8.530000 -0.35467683
8.555000 -0.3551902
8.580000 -0.35550413
8.605000 -0.35603881
8.630000 -0.35656228
8.655000 -0.35701997
8.680000 -0.35743011
8.705000 -0.35787224
8.730000 -0.35830913
8.755000 -0.35871585
8.780000 -0.35903205
8.805000 -0.359469
8.830000 -0.36007036
8.855000 -0.36056961
8.880000 -0.36096983
8.905000 -0.36147948
8.930000 -0.36175948
8.955000 -0.36224227
8.980000 -0.36274383
9.005000 -0.36314612
9.030000 -0.3635639
9.055000 -0.36391872
9.080000 -0.36444292
9.105000 -0.36479417
9.130000 -0.36506834
9.155000 -0.36546152
9.180000 -0.36607704
9.205000 -0.36646767
9.230000 -0.36672351
9.255000 -0.36733936
9.280000 -0.36769563
9.305000 -0.36812655
9.330000 -0.3684607
9.355000 -0.36879756
9.380000 -0.36935343
9.405000 -0.36956902
9.430000 -0.37011699
9.455000 -0.37030346
9.480000 -0.3707128
9.505000 -0.37103216
9.530000 -0.3716308
9.555000 -0.37201392
9.580000 -0.37232924
9.605000 -0.37271992
9.630000 -0.37314691
9.655000 -0.37361077
9.680000 -0.37385559
9.705000 -0.37432403
9.730000 -0.37455045
9.755000 -0.37503646
9.780000 -0.37541208
9.805000 -0.37555784
9.830000 -0.37591646
9.855000 -0.37649042
9.880000 -0.37690628
9.905000 -0.37709627
9.930000 -0.3775956
9.955000 -0.3779318
9.980000 -0.37837133
10.005000 -0.37851744
10.030000 -0.37891506
10.055000 -0.3792716
10.080000 -0.37968222
10.105000 -0.38008914
10.130000 -0.38019964
10.155000 -0.38060967
10.180000 -0.38091771
10.205000 -0.38147312
10.230000 -0.38164522
10.255000 -0.38211928
10.280000 -0.38247357
10.305000 -0.38282967
10.330000 -0.38306006
10.355000 -0.383335
10.380000 -0.38375599
10.405000 -0.38409559
10.430000 -0.38445588
10.455000 -0.38466028
10.480000 -0.38500151
10.505000 -0.38527867
10.530000 -0.38578138
10.555000 -0.38596547
10.580000 -0.38642398
10.605000 -0.38676433
10.630000 -0.38705616
10.655000 -0.38730698
10.680000 -0.38757896
10.705000 -0.38793108
10.730000 -0.38828532
10.755000 -0.38864886
10.780000 -0.38870038
10.805000 -0.38912592
10.830000 -0.38942382
10.855000 -0.38985005
10.880000 -0.39004553
10.905000 -0.3904531
10.930000 -0.39078792
10.955000 -0.3911332
10.980000 -0.3912866
11.005000 -0.39164828
11.030000 -0.39176542
11.055000 -0.39226884
11.080000 -0.39259144
11.105000 -0.39261682
11.130000 -0.39297292
11.155000 -0.39341297
11.180000 -0.39366154
11.205000 -0.39400823
11.230000 -0.39425217
11.255000 -0.39460148
11.280000 -0.39502394
11.305000 -0.3951423
11.330000 -0.39553319
11.355000 -0.39565309
11.380000 -0.39608241
11.405000 -0.39632815
11.430000 -0.39636435
11.455000 -0.39673503
11.480000 -0.39710468
11.505000 -0.39731236
11.530000 -0.39776929
11.555000 -0.39790259
11.580000 -0.3983279
11.605000 -0.39855718
11.630000 -0.39884825
11.655000 -0.39892013
11.680000 -0.39935971
11.705000 -0.39962204
11.730000 -0.39974994
11.755000 -0.40013818
11.780000 -0.40050906
11.805000 -0.40054779
11.830000 -0.40096967
11.855000 -0.40131848
11.880000 -0.4015084
11.905000 -0.40189262
11.930000 -0.40204517
11.955000 -0.4023342
11.980000 -0.40245691
12.005000 -0.40289453
12.030000 -0.40308535
12.055000 -0.40311062
12.080000 -0.40351585
12.105000 -0.40392005
12.130000 -0.40399275
12.155000 -0.40437642
12.180000 -0.40461964
12.205000 -0.40495666
12.230000 -0.40504894
12.255000 -0.40543905
12.280000 -0.40553384
12.305000 -0.40592407
12.330000 -0.40614959
12.355000 -0.40620917
12.380000 -0.40638413
12.405000 -0.40702266
12.430000 -0.40703036
12.455000 -0.40756174
12.480000 -0.40779335
12.505000 -0.40800223
12.530000 -0.4080749
12.555000 -0.40849869
12.580000 -0.4085739
12.605000 -0.4089058
12.630000 -0.40912831
12.655000 -0.40936883
12.680000 -0.40942086
12.705000 -0.40999274
12.730000 -0.41019236
12.755000 -0.41045195
12.780000 -0.41077665
12.805000 -0.41089235
12.830000 -0.41110745
12.855000 -0.41140659
12.880000 -0.41159113
12.905000 -0.41180102
12.930000 -0.41214806
12.955000 -0.41241605
12.980000 -0.41221338
13.005000 -0.4127981
13.030000 -0.41313318
13.055000 -0.41327212
13.080000 -0.41367287
13.105000 -0.41394556
13.130000 -0.41405163
13.155000 -0.41432661
13.180000 -0.41456418
13.205000 -0.41473974
13.230000 -0.415094
13.255000 -0.41532699
13.280000 -0.41518943
13.305000 -0.41567465
13.330000 -0.41603514
13.355000 -0.41626619
13.380000 -0.41659838
13.405000 -0.41686667
13.430000 -0.41681951
13.455000 -0.41719754
13.480000 -0.41742612
13.505000 -0.4176327
13.530000 -0.41790536
13.555000 -0.41816917
13.580000 -0.41793207
13.605000 -0.41846625
13.630000 -0.41886009
13.655000 -0.41913598
13.680000 -0.41939234
13.705000 -0.41962858
13.730000 -0.41952429
13.755000 -0.41998976
13.780000 -0.42012781
13.805000 -0.42042982
13.830000 -0.42060968
13.855000 -0.42081413
13.880000 -0.42065532
13.905000 -0.42120282
13.930000 -0.42155673
13.955000 -0.42193417
13.980000 -0.42220403
14.005000 -0.42232176
14.030000 -0.42229462
14.055000 -0.42269312
14.080000 -0.42281197
14.105000 -0.42317053
14.130000 -0.42344237
14.155000 -0.42358605
14.180000 -0.42349044
14.205000 -0.42396015
14.230000 -0.42434064
14.255000 -0.42472427
14.280000 -0.42507913
14.305000 -0.42509069
14.330000 -0.42516658
14.355000 -0.42552895
14.380000 -0.42564882
14.405000 -0.42598135
14.430000 -0.42634885
14.455000 -0.42620149
14.480000 -0.42640639
14.505000 -0.42670958
14.530000 -0.42706345
14.555000 -0.42751566
14.580000 -0.42785354
14.605000 -0.42765994
14.630000 -0.42797666
14.655000 -0.42804748
14.680000 -0.42837326
14.705000 -0.42868013
14.730000 -0.42895147
14.755000 -0.42871305
14.780000 -0.42913376
14.805000 -0.42932752
14.830000 -0.42979189
14.855000 -0.43022059
14.880000 -0.43023031
14.905000 -0.43030507
14.930000 -0.43065755
14.955000 -0.43070567
14.980000 -0.43114796
15.005000 -0.43139051
15.030000 -0.43152456
15.055000 -0.43145434
15.080000 -0.43177056
15.105000 -0.43224886
15.130000 -0.43257342
15.155000 -0.43310266
15.180000 -0.43296605
15.205000 -0.43307621
15.230000 -0.43323072
15.255000 -0.43359088
15.280000 -0.43396874
15.305000 -0.43409686
15.330000 -0.43402607
15.355000 -0.43431379
15.380000 -0.43434403
15.405000 -0.43487988
15.430000 -0.43549168
15.455000 -0.43549537
15.480000 -0.43568135
15.505000 -0.43603951
15.530000 -0.43589716
15.555000 -0.43634224
15.580000 -0.43661389
15.605000 -0.4367163
15.630000 -0.43678005
15.655000 -0.43712746
15.680000 -0.43750154
15.705000 -0.43784564
15.730000 -0.43808896
15.755000 -0.43832999
15.780000 -0.43857524
15.805000 -0.43850493
15.830000 -0.43901113
15.855000 -0.43932743
15.880000 -0.43940739
15.905000 -0.43956846
15.930000 -0.43986552
15.955000 -0.43982782
15.980000 -0.44042771
16.005000 -0.44071931
16.030000 -0.44098555
16.055000 -0.44109826
16.080000 -0.44149128
16.105000 -0.44164626
16.130000 -0.44201446
16.155000 -0.44222793
16.180000 -0.44229372
16.205000 -0.44250566
16.230000 -0.44277962
16.255000 -0.443228
16.280000 -0.44360861
16.305000 -0.44414156
16.330000 -0.44435051
16.355000 -0.44462772
16.380000 -0.44466547
16.405000 -0.4449722
16.430000 -0.44521556
16.455000 -0.44538576
16.480000 -0.44563407
16.505000 -0.44598301
16.530000 -0.4460191
16.555000 -0.44642278
16.580000 -0.44718552
16.605000 -0.44743032
16.630000 -0.44755377
16.655000 -0.44796394
16.680000 -0.44813466
16.705000 -0.44825844
16.730000 -0.4486279
16.755000 -0.44900024
16.780000 -0.44913992
16.805000 -0.44942023
16.830000 -0.44967492
16.855000 -0.45033209
16.880000 -0.45065398
16.905000 -0.4511696
16.930000 -0.45132599
16.955000 -0.45162869
16.980000 -0.45154894
17.005000 -0.45204451
17.030000 -0.45263026
17.055000 -0.4526787
17.080000 -0.45299964
17.105000 -0.45318837
17.130000 -0.45398764
17.155000 -0.45437956
17.180000 -0.45493255
17.205000 -0.45505492
17.230000 -0.45538861
17.255000 -0.45561855
17.280000 -0.45636291
17.305000 -0.45674546
17.330000 -0.45707523
17.355000 -0.45746004
17.380000 -0.4577108
17.405000 -0.45830385
17.430000 -0.45885209
17.455000 -0.45915758
17.480000 -0.45982336
17.505000 -0.46030738
17.530000 -0.46098579
17.555000 -0.46164008
17.580000 -0.46224053
17.605000 -0.46256203
17.630000 -0.4628579
17.655000 -0.46347659
17.680000 -0.46386308
17.705000 -0.46517116
17.730000 -0.46591474
17.755000 -0.46680357
17.780000 -0.46763179
17.805000 -0.46909061
17.830000 -0.47105508
17.855000 -0.47136422
17.880000 -0.47180018
17.905000 -0.47245839
17.930000 -0.47423744
17.955000 -0.47737672
17.980000 -0.47915713
18.005000 -0.47971929
18.030000 -0.48088348
18.055000 -0.48390068
18.080000 -0.48822338
18.105000 -0.48918377
18.130000 -0.52183799
18.155000 -0.52285562
18.180000 -0.52123463
18.205000 -0.52289846
18.230000 -0.52305464
18.255000 -0.52321154
18.280000 -0.5234175
18.305000 -0.52363368
18.330000 -0.52415426
18.355000 -0.5242861
18.380000 -0.52436464
18.405000 -0.52480961
18.430000 -0.52493696
18.455000 -0.52538833
18.480000 -0.52539273
18.505000 -0.5256579
18.530000 -0.52591036
18.555000 -0.52618589
18.580000 -0.52652132
18.605000 -0.52645192
18.630000 -0.52678472
18.655000 -0.52706343
18.680000 -0.52722327
18.705000 -0.52743878
18.730000 -0.52746612
18.755000 -0.5277402
18.780000 -0.52793386
18.805000 -0.52823147
18.830000 -0.5283359
18.855000 -0.52858184
18.880000 -0.52879177
18.905000 -0.52898329
18.930000 -0.52917634
18.955000 -0.52925432
18.980000 -0.52947761
19.005000 -0.52957114
19.030000 -0.53000817
19.055000 -0.52998609
19.080000 -0.53021757
19.105000 -0.53051633
19.130000 -0.53084188
19.155000 -0.53091642
19.180000 -0.53088322
19.205000 -0.53102523
19.230000 -0.53124097
19.255000 -0.53168035
19.280000 -0.53174622
19.305000 -0.53175408
19.330000 -0.53201442
19.355000 -0.53232388
19.380000 -0.53252272
19.405000 -0.53240025
19.430000 -0.53262522
19.455000 -0.53283839
19.480000 -0.5331031
19.505000 -0.53328734
19.530000 -0.53325325
19.555000 -0.53362039
19.580000 -0.53384741
19.605000 -0.53415481
19.630000 -0.53394374
19.655000 -0.53422993
19.680000 -0.53438441
19.705000 -0.53460388
19.730000 -0.5348592
19.755000 -0.53476223
19.780000 -0.53515947
19.805000 -0.53533195
19.830000 -0.53563351
19.855000 -0.53567321
19.880000 -0.53579162
19.905000 -0.5360113
19.930000 -0.53616563
19.955000 -0.53654574
19.980000 -0.53648287
20.005000 -0.53694451
20.030000 -0.53694766
20.055000 -0.53729347
20.080000 -0.53743865
20.105000 -0.53730174
20.130000 -0.53778984
20.155000 -0.53771455
20.180000 -0.53828513
20.205000 -0.53822425
20.230000 -0.53842896
20.255000 -0.53870122
20.280000 -0.53874992
20.305000 -0.5390826
20.330000 -0.53892162
20.355000 -0.53936682
20.380000 -0.53936397
20.405000 -0.53985447
20.430000 -0.53990569
20.455000 -0.53982819
20.480000 -0.54033286
20.505000 -0.54038103
20.530000 -0.54071737
20.555000 -0.54068871
20.580000 -0.54088546
20.605000 -0.54098855
20.630000 -0.54132842
20.655000 -0.54157046
20.680000 -0.54148812
20.705000 -0.54200494
20.730000 -0.54204497
20.755000 -0.54237644
20.780000 -0.54220968
20.805000 -0.54224904
20.830000 -0.54253467
20.855000 -0.54260794
20.880000 -0.54289961
20.905000 -0.54286892
20.930000 -0.54323228
20.955000 -0.54334586
20.980000 -0.54352124
21.005000 -0.54375737
21.030000 -0.54374325
21.055000 -0.54398184
21.080000 -0.54403175
21.105000 -0.54425086
21.130000 -0.54448964
21.155000 -0.54441814
21.180000 -0.54461788
21.205000 -0.5448557
21.230000 -0.54512786
21.255000 -0.5450412
21.280000 -0.54515523
21.305000 -0.54535607
21.330000 -0.54541295
21.355000 -0.54568324
21.380000 -0.54569345
21.405000 -0.54600774
21.430000 -0.54609253
21.455000 -0.54641927
21.480000 -0.54637408
21.505000 -0.54667029
21.530000 -0.54667158
21.555000 -0.54664601
21.580000 -0.54688567
21.605000 -0.54717409
21.630000 -0.5473606
21.655000 -0.54746215
21.680000 -0.54757532
21.705000 -0.54772167
21.730000 -0.54795556
21.755000 -0.54794988
21.780000 -0.54801885
21.805000 -0.54816296
21.830000 -0.54844541
21.855000 -0.54852458
21.880000 -0.54867935
21.905000 -0.54881849
21.930000 -0.5489893
21.955000 -0.54905159
21.980000 -0.54911834
22.005000 -0.54917969
22.030000 -0.54923509
22.055000 -0.54966411
22.080000 -0.54960093
22.105000 -0.54967112
22.130000 -0.54989881
22.155000 -0.55012238
22.180000 -0.55010452
22.205000 -0.550155
22.230000 -0.55026203
22.255000 -0.55034173
22.280000 -0.55073345
22.305000 -0.55061746
22.330000 -0.55065995
22.355000 -0.5510151
22.379999 -0.55127446
22.404999 -0.55128974
22.429999 -0.55134689
22.454999 -0.55127661
22.479999 -0.55148674
22.504999 -0.55174099
22.529999 -0.55170461
22.554999 -0.55174941
22.579999 -0.55201289
22.604999 -0.55214076
22.629999 -0.55237834
22.654999 -0.55242589
22.679999 -0.55229237
22.704999 -0.55255609
22.729999 -0.55268835
22.754999 -0.5527737
22.779999 -0.55296149
22.804999 -0.55299389
22.829999 -0.55312764
22.854999 -0.55338807
22.879999 -0.55350619
22.904999 -0.55347425
22.929999 -0.5535951
22.954999 -0.55375436
22.979999 -0.55389288
23.004999 -0.55404327
23.029999 -0.5541018
23.054999 -0.55427637
23.079999 -0.55451978
23.104999 -0.55457072
23.129999 -0.55470877
23.154999 -0.55462181
23.179999 -0.55487655
23.204999 -0.55508209
23.229999 -0.55513294
23.254999 -0.55510807
23.279999 -0.55552695
23.304999 -0.55553475
23.329999 -0.5555216
23.354999 -0.55581574
23.379999 -0.55562499
23.404999 -0.55599952
23.429999 -0.55613828
23.454999 -0.55613414
23.479999 -0.55621686
23.504999 -0.55657013
23.529999 -0.55666921
23.554999 -0.55655946
23.579999 -0.55674112
23.604999 -0.55672488
23.629999 -0.55693337
23.654999 -0.55702366
23.679999 -0.55715959
23.704999 -0.55727495
23.729999 -0.55750216
23.754999 -0.55766163
23.779999 -0.55767648
23.804999 -0.55775695
23.829999 -0.55796469
23.854999 -0.55792099
23.879999 -0.55789542
23.904999 -0.55790829
23.929999 -0.55822325
23.954999 -0.55838373
23.979999 -0.55848149
24.004999 -0.55862109
24.029999 -0.55856171
24.054999 -0.55881789
24.079999 -0.55885198
24.104999 -0.5587999
24.129999 -0.55877596
24.154999 -0.55905446
24.179999 -0.55946945
24.204999 -0.55935895
24.229999 -0.55935668
24.254999 -0.55951095
24.279999 -0.5596388
24.304999 -0.55975697
24.329999 -0.55962596
24.354999 -0.55972851
24.379999 -0.56000383
24.404999 -0.5604504
24.429999 -0.56003658
24.454999 -0.56027837
24.479999 -0.5603866
24.504999 -0.56054809
24.529999 -0.56064892
24.554999 -0.5605457
24.579999 -0.56078934
24.604999 -0.56096911
24.629999 -0.56106068
24.654999 -0.56090157
24.679999 -0.56118487
24.704999 -0.56118007
24.729999 -0.56137819
24.754999 -0.56143336
24.779999 -0.56139639
24.804999 -0.56168703
24.829999 -0.56169524
24.854999 -0.56175938
24.879999 -0.56177488
24.904999 -0.56187973
24.929999 -0.56179529
24.954999 -0.56207426
24.979999 -0.56200954
