0.005000 1.5008331
0.030000 1.5008331
0.055000 1.500833
0.080000 1.5008328
0.105000 1.5008326
0.130000 1.5008324
0.155000 1.5008322
0.180000 1.500832
0.205000 1.5008319
0.230000 1.5008317
0.255000 1.5008316
0.280000 1.5008316
0.305000 1.5008315
0.330000 1.5008314
0.355000 1.5008312
0.380000 1.5008311
0.405000 1.5008311
0.430000 1.5008313
0.455000 1.5008317
0.480000 1.5008322
0.505000 1.500833
0.530000 1.5008338
0.555000 1.5008348
0.580000 1.500836
0.605000 1.5008375
0.630000 1.5008394
0.655000 1.5008418
0.680000 1.5008446
0.705000 1.5008468
0.730000 1.5008492
0.755000 1.5008516
0.780000 1.5008541
0.805000 1.5008565
0.830000 1.500859
0.855000 1.5008618
0.880000 1.5008648
0.905000 1.5008684
0.930000 1.5008727
0.955000 1.5008776
0.980000 1.5008827
1.005000 1.5008875
1.030000 1.5008926
1.055000 1.500898
1.080000 1.5009033
1.105000 1.500909
1.130000 1.500915
1.155000 1.5009222
1.180000 1.5009294
1.205000 1.5009371
1.230000 1.5009451
1.255000 1.5009531
1.280000 1.5009609
1.305000 1.5009688
1.330000 1.5009775
1.355000 1.500987
1.380000 1.5009967
1.405000 1.5010064
1.430000 1.5010169
1.455000 1.5010281
1.480000 1.50104
1.505000 1.5010529
1.530000 1.5010663
1.555000 1.5010797
1.580000 1.5010933
1.605000 1.5011072
1.630000 1.5011216
1.655000 1.5011376
1.680000 1.5011545
1.705000 1.5011717
1.730000 1.5011894
1.755000 1.5012075
1.780000 1.5012264
1.805000 1.5012463
1.830000 1.5012667
1.855000 1.5012876
1.880000 1.5013087
1.905000 1.5013298
1.930000 1.5013521
1.955000 1.5013752
1.980000 1.5013986
2.005000 1.5014228
2.030000 1.5014483
2.055000 1.5014751
2.080000 1.5015027
2.105000 1.5015304
2.130000 1.5015584
2.155000 1.5015874
2.180000 1.501618
2.205000 1.5016498
2.230000 1.5016821
2.255000 1.5017151
2.280000 1.5017491
2.305000 1.5017844
2.330000 1.5018203
2.355000 1.5018564
2.380000 1.5018927
2.405000 1.5019305
2.430000 1.5019694
2.455000 1.502009
2.480000 1.50205
2.505000 1.5020926
2.530000 1.502136
2.555000 1.5021798
2.580000 1.5022241
2.605000 1.50227
2.630000 1.5023179
2.655000 1.5023665
2.680000 1.502416
2.705000 1.5024669
2.730000 1.5025189
2.755000 1.5025715
2.780000 1.502624
2.805000 1.5026781
2.830000 1.5027337
2.855000 1.5027902
2.880000 1.5028485
2.905000 1.5029083
2.930000 1.502969
2.955000 1.5030301
2.980000 1.5030922
3.005000 1.5031569
3.030000 1.5032228
3.055000 1.5032899
3.080000 1.5033581
3.105000 1.5034277
3.130000 1.5034975
3.155000 1.5035679
3.180000 1.5036404
3.205000 1.5037139
3.230000 1.5037892
3.255000 1.5038662
3.280000 1.5039445
3.305000 1.504023
3.330000 1.5041027
3.355000 1.5041851
3.380000 1.5042689
3.405000 1.5043541
3.430000 1.5044405
3.455000 1.5045282
3.480000 1.5046155
3.505000 1.5047045
3.530000 1.5047949
3.555000 1.5048874
3.580000 1.5049815
3.605000 1.5050772
3.630000 1.5051732
3.655000 1.5052706
3.680000 1.5053705
3.705000 1.5054718
3.730000 1.5055746
3.755000 1.5056785
3.780000 1.505783
3.805000 1.5058878
3.830000 1.505995
3.855000 1.5061036
3.880000 1.5062143
3.905000 1.5063265
3.930000 1.5064397
3.955000 1.5065538
3.980000 1.5066703
4.005000 1.5067888
4.030000 1.5069084
4.055000 1.5070293
4.080000 1.5071501
4.105000 1.5072723
4.130000 1.5073965
4.155000 1.5075228
4.180000 1.5076508
4.205000 1.5077804
4.230000 1.5079102
4.255000 1.5080421
4.280000 1.5081763
4.305000 1.5083121
4.330000 1.5084486
4.355000 1.5085859
4.380000 1.5087238
4.405000 1.5088635
4.430000 1.5090055
4.455000 1.5091492
4.480000 1.5092946
4.505000 1.5094403
4.530000 1.5095878
4.555000 1.5097377
4.580000 1.509889
4.605000 1.5100409
4.630000 1.5101932
4.655000 1.5103464
4.680000 1.5105016
4.705000 1.5106591
4.730000 1.5108179
4.755000 1.5109779
4.780000 1.5111389
4.805000 1.5113016
4.830000 1.5114665
4.855000 1.5116319
4.880000 1.5117977
4.905000 1.5119641
4.930000 1.5121321
4.955000 1.5123025
4.980000 1.5124744
5.005000 1.5126473
5.030000 1.5128212
5.055000 1.5129967
5.080000 1.5131741
5.105000 1.513352
5.130000 1.5135296
5.155000 1.5137082
5.180000 1.5138881
5.205000 1.51407
5.230000 1.5142535
5.255000 1.5144376
5.280000 1.5146229
5.305000 1.5148095
5.330000 1.5149975
5.355000 1.5151856
5.380000 1.5153736
5.405000 1.5155624
5.430000 1.5157533
5.455000 1.5159456
5.480000 1.5161386
5.505000 1.516333
5.530000 1.5165281
5.555000 1.5167244
5.580000 1.5169211
5.605000 1.5171171
5.630000 1.5173137
5.655000 1.5175119
5.680000 1.5177114
5.705000 1.5179115
5.730000 1.5181125
5.755000 1.5183145
5.780000 1.518517
5.805000 1.5187199
5.830000 1.5189219
5.855000 1.5191245
5.880000 1.5193281
5.905000 1.5195328
5.930000 1.519738
5.955000 1.5199438
5.980000 1.5201506
6.005000 1.5203574
6.030000 1.5205642
6.055000 1.5207696
6.080000 1.5209757
6.105000 1.5211829
6.130000 1.5213902
6.155000 1.521598
6.180000 1.5218061
6.205000 1.5220148
6.230000 1.522223
6.255000 1.5224307
6.280000 1.5226366
6.305000 1.5228438
6.330000 1.5230516
6.355000 1.523259
6.380000 1.5234665
6.405000 1.5236746
6.430000 1.5238824
6.455000 1.5240889
6.480000 1.5242942
6.505000 1.5244989
6.530000 1.5247045
6.555000 1.5249096
6.580000 1.5251144
6.605000 1.5253188
6.630000 1.5255236
6.655000 1.5257269
6.680000 1.5259286
6.705000 1.5261284
6.730000 1.5263294
6.755000 1.5265298
6.780000 1.5267288
6.805000 1.5269274
6.830000 1.5271263
6.855000 1.5273235
6.880000 1.5275186
6.905000 1.5277115
6.930000 1.5279048
6.955000 1.5280975
6.980000 1.5282886
7.005000 1.5284786
7.030000 1.5286687
7.055000 1.5288569
7.080000 1.5290425
7.105000 1.5292255
7.130000 1.5294085
7.155000 1.5295909
7.180000 1.5297712
7.205000 1.5299499
7.230000 1.5301285
7.255000 1.5303046
7.280000 1.5304777
7.305000 1.5306481
7.330000 1.5308182
7.355000 1.530987
7.380000 1.5311531
7.405000 1.5313178
7.430000 1.5314816
7.455000 1.5316424
7.480000 1.5317997
7.505000 1.531955
7.530000 1.5321092
7.555000 1.5322613
7.580000 1.5324107
7.605000 1.5325585
7.630000 1.5327046
7.655000 1.5328469
7.680000 1.5329854
7.705000 1.5331224
7.730000 1.533258
7.755000 1.5333907
7.780000 1.5335203
7.805000 1.5336487
7.830000 1.533774
7.855000 1.5338956
7.880000 1.5340135
7.905000 1.5341297
7.930000 1.5342436
7.955000 1.534354
7.980000 1.5344623
8.005000 1.5345678
8.030000 1.5346692
8.055000 1.5347664
8.080000 1.5348611
8.105000 1.5349533
8.130000 1.5350419
8.155000 1.5351272
8.180000 1.5352102
8.205000 1.5352891
8.230000 1.5353633
8.255000 1.5354339
8.280000 1.5355016
8.305000 1.5355662
8.330000 1.5356267
8.355000 1.5356843
8.380000 1.535738
8.405000 1.5357872
8.430000 1.5358318
8.455000 1.5358733
8.480000 1.5359114
8.505000 1.5359452
8.530000 1.5359759
8.555000 1.5360025
8.580000 1.5360244
8.605000 1.536041
8.630000 1.5360542
8.655000 1.5360634
8.680000 1.5360684
8.705000 1.5360696
8.730000 1.5360664
8.755000 1.5360583
8.780000 1.536045
8.805000 1.5360274
8.830000 1.5360057
8.855000 1.5359791
8.880000 1.5359483
8.905000 1.5359132
8.930000 1.5358727
8.955000 1.5358268
8.980000 1.5357764
9.005000 1.5357212
9.030000 1.5356612
9.055000 1.5355968
9.080000 1.5355276
9.105000 1.5354526
9.130000 1.5353722
9.155000 1.5352867
9.180000 1.5351963
9.205000 1.5351007
9.230000 1.5350007
9.255000 1.5348955
9.280000 1.5347844
9.305000 1.5346675
9.330000 1.5345453
9.355000 1.5344179
9.380000 1.5342845
9.405000 1.5341467
9.430000 1.5340033
9.455000 1.5338536
9.480000 1.5336982
9.505000 1.5335372
9.530000 1.5333707
9.555000 1.5331981
9.580000 1.5330208
9.605000 1.5328376
9.630000 1.5326476
9.655000 1.5324519
9.680000 1.5322501
9.705000 1.5320427
9.730000 1.5318292
9.755000 1.5316105
9.780000 1.5313857
9.805000 1.5311538
9.830000 1.5309161
9.855000 1.530672
9.880000 1.5304227
9.905000 1.5301665
9.930000 1.5299051
9.955000 1.5296373
9.980000 1.5293625
10.005000 1.5290812
10.030000 1.5287942
10.055000 1.5285011
10.080000 1.5282015
10.105000 1.5278961
10.130000 1.5275838
10.155000 1.5272647
10.180000 1.5269387
10.205000 1.5266071
10.230000 1.5262688
10.255000 1.5259244
10.280000 1.5255736
10.305000 1.5252158
10.330000 1.5248511
10.355000 1.5244792
10.380000 1.5241016
10.405000 1.5237169
10.430000 1.5233259
10.455000 1.5229278
10.480000 1.5225226
10.505000 1.5221102
10.530000 1.5216908
10.555000 1.5212652
10.580000 1.5208325
10.605000 1.520393
10.630000 1.5199464
10.655000 1.5194922
10.680000 1.5190307
10.705000 1.5185631
10.730000 1.5180882
10.755000 1.5176061
10.780000 1.517117
10.805000 1.5166208
10.830000 1.5161164
10.855000 1.5156047
10.880000 1.5150871
10.905000 1.5145614
10.930000 1.5140285
10.955000 1.5134886
10.980000 1.5129406
11.005000 1.5123848
11.030000 1.5118217
11.055000 1.5112516
11.080000 1.5106736
11.105000 1.5100887
11.130000 1.5094959
11.155000 1.508895
11.180000 1.5082868
11.205000 1.5076716
11.230000 1.5070482
11.255000 1.5064178
11.280000 1.5057791
11.305000 1.5051329
11.330000 1.5044786
11.355000 1.5038164
11.380000 1.503147
11.405000 1.5024694
11.430000 1.501784
11.455000 1.5010915
11.480000 1.5003904
11.505000 1.4996814
11.530000 1.4989648
11.555000 1.4982409
11.580000 1.4975083
11.605000 1.4967679
11.630000 1.4960203
11.655000 1.4952639
11.680000 1.4944995
11.705000 1.4937281
11.730000 1.4929477
11.755000 1.4921596
11.780000 1.4913643
11.805000 1.4905601
11.830000 1.4897475
11.855000 1.4889276
11.880000 1.4880992
11.905000 1.4872629
11.930000 1.4864191
11.955000 1.4855674
11.980000 1.4847069
12.005000 1.4838387
12.030000 1.4829623
12.055000 1.482078
12.080000 1.4811852
12.105000 1.4802845
12.130000 1.4793752
12.155000 1.4784575
12.180000 1.477532
12.205000 1.4765984
12.230000 1.475657
12.255000 1.4747074
12.280000 1.4737499
12.305000 1.4727833
12.330000 1.4718087
12.355000 1.4708265
12.380000 1.4698364
12.405000 1.4688373
12.430000 1.4678309
12.455000 1.4668149
12.480000 1.4657904
12.505000 1.464759
12.530000 1.4637185
12.555000 1.4626698
12.580000 1.4616136
12.605000 1.4605473
12.630000 1.4594731
12.655000 1.4583917
12.680000 1.4573007
12.705000 1.4562021
12.730000 1.4550952
12.755000 1.4539788
12.780000 1.4528547
12.805000 1.4517221
12.830000 1.4505806
12.855000 1.4494318
12.880000 1.4482738
12.905000 1.4471069
12.930000 1.4459323
12.955000 1.4447486
12.980000 1.4435566
13.005000 1.4423568
13.030000 1.4411479
13.055000 1.4399306
13.080000 1.4387047
13.105000 1.4374704
13.130000 1.4362278
13.155000 1.4349766
13.180000 1.4337171
13.205000 1.4324494
13.230000 1.4311719
13.255000 1.4298871
13.280000 1.4285936
13.305000 1.4272913
13.330000 1.4259814
13.355000 1.4246627
13.380000 1.4233346
13.405000 1.4219987
13.430000 1.4206535
13.455000 1.4192995
13.480000 1.4179377
13.505000 1.4165666
13.530000 1.4151868
13.555000 1.4137982
13.580000 1.4124008
13.605000 1.4109952
13.630000 1.4095808
13.655000 1.4081581
13.680000 1.406727
13.705000 1.405286
13.730000 1.4038374
13.755000 1.4023794
13.780000 1.4009129
13.805000 1.3994385
13.830000 1.3979543
13.855000 1.3964614
13.880000 1.3949607
13.905000 1.3934503
13.930000 1.3919322
13.955000 1.3904053
13.980000 1.388869
14.005000 1.3873247
14.030000 1.3857715
14.055000 1.3842088
14.080000 1.3826389
14.105000 1.3810598
14.130000 1.3794721
14.155000 1.3778756
14.180000 1.3762707
14.205000 1.3746566
14.230000 1.3730342
14.255000 1.3714042
14.280000 1.3697645
14.305000 1.3681161
14.330000 1.36646
14.355000 1.3647932
14.380000 1.363119
14.405000 1.3614376
14.430000 1.3597452
14.455000 1.3580452
14.480000 1.3563366
14.505000 1.3546183
14.530000 1.3528935
14.555000 1.3511595
14.580000 1.3494162
14.605000 1.3476648
14.630000 1.3459046
14.655000 1.3441359
14.680000 1.342359
14.705000 1.3405737
14.730000 1.3387787
14.755000 1.3369755
14.780000 1.3351642
14.805000 1.3333435
14.830000 1.331515
14.855000 1.3296781
14.880000 1.3278317
14.905000 1.3259781
14.930000 1.3241157
14.955000 1.322244
14.980000 1.3203643
15.005000 1.3184762
15.030000 1.316579
15.055000 1.3146744
15.080000 1.3127607
15.105000 1.3108374
15.130000 1.3089074
15.155000 1.3069688
15.180000 1.3050208
15.205000 1.3030655
15.230000 1.3011005
15.255000 1.2991275
15.280000 1.2971473
15.305000 1.2951584
15.330000 1.2931602
15.355000 1.2911538
15.380000 1.2891389
15.405000 1.2871159
15.430000 1.2850859
15.455000 1.2830465
15.480000 1.2809976
15.505000 1.2789415
15.530000 1.2768769
15.555000 1.2748042
15.580000 1.272724
15.605000 1.2706341
15.630000 1.2685362
15.655000 1.2664305
15.680000 1.2643165
15.705000 1.2621944
15.730000 1.2600639
15.755000 1.2579253
15.780000 1.2557786
15.805000 1.253624
15.830000 1.2514607
15.855000 1.2492893
15.880000 1.2471105
15.905000 1.2449229
15.930000 1.2427277
15.955000 1.2405236
15.980000 1.2383119
16.005000 1.2360927
16.030000 1.2338656
16.055000 1.2316301
16.080000 1.2293867
16.105000 1.227135
16.130000 1.2248768
16.155000 1.2226108
16.180000 1.2203369
16.205000 1.2180545
16.230000 1.2157649
16.255000 1.2134675
16.280000 1.2111639
16.305000 1.2088527
16.330000 1.2065326
16.355000 1.2042058
16.380000 1.2018721
16.405000 1.1995312
16.430000 1.1971835
16.455000 1.1948282
16.480000 1.1924662
16.505000 1.1900977
16.530000 1.1877219
16.555000 1.1853394
16.580000 1.1829506
16.605000 1.180555
16.630000 1.1781529
16.655000 1.1757453
16.680000 1.1733287
16.705000 1.1709076
16.730000 1.168481
16.755000 1.166047
16.780000 1.1636071
16.805000 1.1611612
16.830000 1.1587082
16.855000 1.1562507
16.880000 1.1537875
16.905000 1.1513167
16.930000 1.1488406
16.955000 1.1463594
16.980000 1.143872
17.005000 1.1413792
17.030000 1.1388795
17.055000 1.1363745
17.080000 1.133865
17.105000 1.1313492
17.130000 1.1288289
17.155000 1.1263027
17.180000 1.1237717
17.205000 1.1212361
17.230000 1.1186961
17.255000 1.11615
17.280000 1.1136005
17.305000 1.1110469
17.330000 1.1084891
17.355000 1.1059271
17.380000 1.1033608
17.405000 1.1007912
17.430000 1.0982192
17.455000 1.0956433
17.480000 1.0930633
17.505000 1.0904803
17.530000 1.0878946
17.555000 1.0853063
17.580000 1.0827157
17.605000 1.0801227
17.630000 1.0775266
17.655000 1.0749312
17.680000 1.0723331
17.705000 1.0697336
17.730000 1.0671336
17.755000 1.0645333
17.780000 1.0619336
17.805000 1.0593343
17.830000 1.0567338
17.855000 1.0541354
17.880000 1.0515404
17.905000 1.0489459
17.930000 1.0463548
17.955000 1.0437661
17.980000 1.0411821
18.005000 1.0386031
18.030000 1.0360292
18.055000 1.0334586
18.080000 1.0309008
18.105000 1.0283526
18.130000 1.025812
18.155000 1.0232822
18.180000 1.0207614
18.205000 1.0182665
18.230000 1.0157932
18.255000 1.0133383
18.280000 1.0108945
18.305000 1.0084858
18.330000 1.0061224
18.355000 1.0037984
18.380000 1.0015269
18.405000 1
18.430000 1.0000089
18.455000 1.0000624
18.480000 1.0000337
18.505000 1
18.530000 0.99999997
18.555000 1
18.580000 1.0000001
18.605000 0.99999998
18.630000 1
18.655000 0.99999992
18.680000 0.99999993
18.705000 0.99999996
18.730000 0.99999999
18.755000 0.99999995
18.780000 1
18.805000 1
18.830000 1
18.855000 1
18.880000 1
18.905000 0.99999999
18.930000 0.99999992
18.955000 1
18.980000 0.99999998
19.005000 0.99999999
19.030000 0.99999996
19.055000 0.99999997
19.080000 1.0000001
19.105000 0.99999997
19.130000 1
19.155000 1
19.180000 0.99999999
19.205000 1.0000001
19.230000 1
19.255000 0.99999995
19.280000 1
19.305000 1
19.330000 0.99999994
19.355000 1
19.380000 0.99999998
19.405000 1
19.430000 0.99999998
19.455000 1.0000001
19.480000 0.99999996
19.505000 0.99999992
19.530000 0.99999997
19.555000 0.99999993
19.580000 0.99999999
19.605000 0.99999998
19.630000 1
19.655000 0.99999999
19.680000 1
19.705000 0.99999998
19.730000 0.99999998
19.755000 1
19.780000 1
19.805000 1
19.830000 0.99999999
19.855000 0.99999997
19.880000 0.99999999
19.905000 1
19.930000 0.99999998
19.955000 1.0000001
19.980000 1
20.005000 0.99999998
20.030000 0.99999999
20.055000 1.0000001
20.080000 1
20.105000 0.99999999
20.130000 1
20.155000 1
20.180000 0.99999998
20.205000 0.99999996
20.230000 1
20.255000 1.0000001
20.280000 1
20.305000 0.99999991
20.330000 1.0000001
20.355000 1
20.380000 1.0000001
20.405000 0.99999994
20.430000 1
20.455000 1.0000001
20.480000 1
20.505000 0.99999997
20.530000 1
20.555000 0.99999998
20.580000 1
20.605000 1
20.630000 0.99999996
20.655000 0.99999993
20.680000 0.99999997
20.705000 1.0000001
20.730000 1
20.755000 1.0000001
20.780000 1.0000001
20.805000 0.99999994
20.830000 1
20.855000 1.0000001
20.880000 1
20.905000 1
20.930000 0.99999998
20.955000 0.99999999
20.980000 0.99999998
21.005000 1
21.030000 1.0000001
21.055000 1
21.080000 0.99999998
21.105000 1.0000001
21.130000 1
21.155000 0.99999995
21.180000 1
21.205000 0.99999998
21.230000 1
21.255000 0.99999995
21.280000 0.99999999
21.305000 1
21.330000 0.99999998
21.355000 1
21.380000 1
21.405000 0.99999993
21.430000 1
21.455000 0.99999998
21.480000 0.99999996
21.505000 1.0000001
21.530000 0.99999996
21.555000 0.99999998
21.580000 0.99999998
21.605000 0.99999994
21.630000 0.99999996
21.655000 0.99999994
21.680000 1
21.705000 0.99999997
21.730000 0.99999999
21.755000 1.0000001
21.780000 1
21.805000 0.99999999
21.830000 1.0000001
21.855000 0.99999997
21.880000 1.0000001
21.905000 0.99999999
21.930000 1
21.955000 1
21.980000 1.0000001
22.005000 0.99999996
22.030000 0.99999998
22.055000 1
22.080000 1
22.105000 1
22.130000 1
22.155000 1.0000001
22.180000 0.99999999
22.205000 0.99999993
22.230000 0.99999998
22.255000 1
22.280000 0.99999994
22.305000 0.99999997
22.330000 1
22.355000 0.99999994
22.379999 0.99999999
22.404999 1
22.429999 1.0000001
22.454999 0.99999998
22.479999 1
22.504999 0.99999998
22.529999 1
22.554999 0.99999994
22.579999 1.0000001
22.604999 1
22.629999 1
22.654999 1
22.679999 1
22.704999 1
22.729999 1
22.754999 1
22.779999 1.0000001
22.804999 1.0000001
22.829999 1
22.854999 1.0000001
22.879999 0.99999999
22.904999 1
22.929999 1
22.954999 1
22.979999 1
23.004999 0.99999996
23.029999 0.99999999
23.054999 1
23.079999 1.0000001
23.104999 0.99999997
23.129999 1
23.154999 0.99999995
23.179999 1
23.204999 0.99999995
23.229999 1
23.254999 1
23.279999 1.0000001
23.304999 1
23.329999 1
23.354999 0.99999999
23.379999 1
23.404999 1
23.429999 0.99999998
23.454999 1
23.479999 0.99999993
23.504999 0.99999997
23.529999 0.99999999
23.554999 1
23.579999 0.99999996
23.604999 1
23.629999 1
23.654999 0.99999997
23.679999 1
23.704999 0.99999995
23.729999 1
23.754999 1
23.779999 0.99999997
23.804999 1
23.829999 0.99999995
23.854999 0.99999999
23.879999 0.99999999
23.904999 1
23.929999 0.99999998
23.954999 1
23.979999 1
24.004999 1.0000001
24.029999 1
24.054999 0.99999995
24.079999 0.99999999
24.104999 0.99999999
24.129999 0.99999996
24.154999 1.0000001
24.179999 1
24.204999 0.99999996
24.229999 0.99999998
24.254999 1
24.279999 0.99999996
24.304999 1
24.329999 1
24.354999 1
24.379999 1
24.404999 0.99999998
24.429999 0.99999994
24.454999 1.0000001
24.479999 1
24.504999 1
24.529999 1.0000001
24.554999 1.0000001
24.579999 1
24.604999 0.99999996
24.629999 0.99999999
24.654999 1
24.679999 0.99999998
24.704999 1
24.729999 0.99999997
24.754999 1
24.779999 1
24.804999 1
24.829999 0.99999995
24.854999 0.99999998
24.879999 0.99999999
24.904999 0.99999995
24.929999 0.99999999
24.954999 1
24.979999 0.99999995
