0.005000 1.9091525
0.030000 1.9091524
0.055000 1.9091524
0.080000 1.9091526
0.105000 1.9091533
0.130000 1.9091505
0.155000 1.9091465
0.180000 1.9091401
0.205000 1.9091278
0.230000 1.9091113
0.255000 1.9090837
0.280000 1.909051
0.305000 1.9090135
0.330000 1.9089749
0.355000 1.9089339
0.380000 1.9088903
0.405000 1.9088461
0.430000 1.9088008
0.455000 1.9087547
0.480000 1.9086994
0.505000 1.9086425
0.530000 1.9085943
0.555000 1.9085529
0.580000 1.9085117
0.605000 1.9084744
0.630000 1.9084358
0.655000 1.9083866
0.680000 1.9083457
0.705000 1.9083076
0.730000 1.9082716
0.755000 1.9082314
0.780000 1.9081943
0.805000 1.9081482
0.830000 1.9080971
0.855000 1.9080421
0.880000 1.9079842
0.905000 1.907923
0.930000 1.9078679
0.955000 1.9078191
0.980000 1.9077666
1.005000 1.9076979
1.030000 1.9076242
1.055000 1.9075459
1.080000 1.9074667
1.105000 1.907368
1.130000 1.9072548
1.155000 1.9071487
1.180000 1.9070501
1.205000 1.9069555
1.230000 1.9068572
1.255000 1.906755
1.280000 1.9066505
1.305000 1.9065356
1.330000 1.9064217
1.355000 1.9063082
1.380000 1.9062043
1.405000 1.9060972
1.430000 1.9059986
1.455000 1.9059295
1.480000 1.9058742
1.505000 1.9058591
1.530000 1.9058411
1.555000 1.9058252
1.580000 1.905821
1.605000 1.9058038
1.630000 1.9057747
1.655000 1.9057536
1.680000 1.9057409
1.705000 1.9057098
1.730000 1.9056869
1.755000 1.9056932
1.780000 1.9057239
1.805000 1.9057814
1.830000 1.9058593
1.855000 1.9059316
1.880000 1.9060447
1.905000 1.9061713
1.930000 1.9062482
1.955000 1.9063038
1.980000 1.9063517
2.005000 1.9064101
2.030000 1.9064699
2.055000 1.9065242
2.080000 1.9065595
2.105000 1.9065888
2.130000 1.9066169
2.155000 1.9066371
2.180000 1.9066791
2.205000 1.9066771
2.230000 1.9066498
2.255000 1.9065898
2.280000 1.906515
2.305000 1.9064516
2.330000 1.9063719
2.355000 1.9063089
2.380000 1.9062306
2.405000 1.906133
2.430000 1.9060177
2.455000 1.9059165
2.480000 1.9058557
2.505000 1.905806
2.530000 1.9057381
2.555000 1.9057161
2.580000 1.9056898
2.605000 1.90565
2.630000 1.9056199
2.655000 1.9056115
2.680000 1.9056406
2.705000 1.905714
2.730000 1.9057936
2.755000 1.9058977
2.780000 1.9060282
2.805000 1.9061105
2.830000 1.9061954
2.855000 1.9063112
2.880000 1.9064191
2.905000 1.906541
2.930000 1.9066199
2.955000 1.906711
2.980000 1.9068149
3.005000 1.9068805
3.030000 1.9068987
3.055000 1.9068791
3.080000 1.9068681
3.105000 1.9068324
3.130000 1.9068207
3.155000 1.9067733
3.180000 1.9067075
3.205000 1.9066748
3.230000 1.9066362
3.255000 1.9065809
3.280000 1.906531
3.305000 1.9065218
3.330000 1.9065348
3.355000 1.9065237
3.380000 1.9065422
3.405000 1.9066315
3.430000 1.9067351
3.455000 1.9068766
3.480000 1.9070202
3.505000 1.9071436
3.530000 1.9072828
3.555000 1.9074445
3.580000 1.9076287
3.605000 1.907802
3.630000 1.9079813
3.655000 1.9081494
3.680000 1.9082698
3.705000 1.9083427
3.730000 1.9083969
3.755000 1.908431
3.780000 1.9085003
3.805000 1.9085108
3.830000 1.9085703
3.855000 1.9085909
3.880000 1.9085892
3.905000 1.9086169
3.930000 1.9086412
3.955000 1.908716
3.980000 1.9087593
4.005000 1.9088611
4.030000 1.9089995
4.055000 1.9091876
4.080000 1.9093879
4.105000 1.9096033
4.130000 1.9097817
4.155000 1.9100282
4.180000 1.9102886
4.205000 1.9105777
4.230000 1.9108465
4.255000 1.9110573
4.280000 1.911221
4.305000 1.9113591
4.330000 1.9115069
4.355000 1.9116442
4.380000 1.9118243
4.405000 1.9119358
4.430000 1.9120236
4.455000 1.9121152
4.480000 1.9122247
4.505000 1.9123549
4.530000 1.9124923
4.555000 1.9126436
4.580000 1.9128527
4.605000 1.91314
4.630000 1.9134264
4.655000 1.9136739
4.680000 1.9139797
4.705000 1.9143455
4.730000 1.9147125
4.755000 1.9150892
4.780000 1.9154136
4.805000 1.9156397
4.830000 1.9158557
4.855000 1.9160985
4.880000 1.9164061
4.905000 1.9166613
4.930000 1.9168485
4.955000 1.917057
4.980000 1.9172445
5.005000 1.9174623
5.030000 1.9176585
5.055000 1.9178559
5.080000 1.9181202
5.105000 1.9184811
5.130000 1.9188128
5.155000 1.9191732
5.180000 1.9195806
5.205000 1.9200019
5.230000 1.920484
5.255000 1.9209465
5.280000 1.921288
5.305000 1.921598
5.330000 1.9219221
5.355000 1.922324
5.380000 1.9226563
5.405000 1.9229398
5.430000 1.923244
5.455000 1.9235138
5.480000 1.9238146
5.505000 1.9240454
5.530000 1.9243106
5.555000 1.9246679
5.580000 1.9251089
5.605000 1.9254847
5.630000 1.9259511
5.655000 1.9264595
5.680000 1.9269345
5.705000 1.927501
5.730000 1.9279481
5.755000 1.928317
5.780000 1.9287339
5.805000 1.9291915
5.830000 1.9295928
5.855000 1.9300126
5.880000 1.9303874
5.905000 1.9307118
5.930000 1.9310835
5.955000 1.931346
5.980000 1.931684
6.005000 1.9321328
6.030000 1.932579
6.055000 1.9330447
6.080000 1.9336225
6.105000 1.9341335
6.130000 1.9347136
6.155000 1.935258
6.180000 1.9356932
6.205000 1.9361676
6.230000 1.9366686
6.255000 1.937116
6.280000 1.9376034
6.305000 1.9380333
6.330000 1.9383924
6.355000 1.9388081
6.380000 1.9391032
6.405000 1.9394879
6.430000 1.9399603
6.455000 1.9404273
6.480000 1.940957
6.505000 1.9415556
6.530000 1.9421082
6.555000 1.9427353
6.580000 1.9432603
6.605000 1.9437967
6.630000 1.9443749
6.655000 1.944899
6.680000 1.9454003
6.705000 1.9459898
6.730000 1.9464417
6.755000 1.946888
6.780000 1.9472672
6.805000 1.9476803
6.830000 1.9481524
6.855000 1.9486495
6.880000 1.9492519
6.905000 1.9498936
6.930000 1.9505283
6.955000 1.9511475
6.980000 1.9517432
7.005000 1.9523681
7.030000 1.9530017
7.055000 1.9535495
7.080000 1.9541936
7.105000 1.9548268
7.130000 1.9553681
7.155000 1.9558666
7.180000 1.9563377
7.205000 1.9568803
7.230000 1.9574149
7.255000 1.9580364
7.280000 1.9587646
7.305000 1.9594588
7.330000 1.9601847
7.355000 1.9608227
7.380000 1.9615174
7.405000 1.9622331
7.430000 1.9628964
7.455000 1.9635583
7.480000 1.9643052
7.505000 1.9649314
7.530000 1.9654987
7.555000 1.9660058
7.580000 1.9665966
7.605000 1.9671899
7.630000 1.9678529
7.655000 1.9686683
7.680000 1.9694373
7.705000 1.9702454
7.730000 1.970925
7.755000 1.9717212
7.780000 1.9725025
7.805000 1.9732211
7.830000 1.9739998
7.855000 1.9747949
7.880000 1.9755048
7.905000 1.9761417
7.930000 1.976726
7.955000 1.9774147
7.980000 1.9780889
8.005000 1.9788555
8.030000 1.9797404
8.055000 1.9806093
8.080000 1.981435
8.105000 1.9821854
8.130000 1.9830801
8.155000 1.9839122
8.180000 1.9846976
8.205000 1.9855853
8.230000 1.986439
8.255000 1.9871992
8.280000 1.9878361
8.305000 1.9885405
8.330000 1.9892931
8.355000 1.9900532
8.380000 1.9909891
8.405000 1.9918994
8.430000 1.9928258
8.455000 1.9935766
8.480000 1.9944913
8.505000 1.9953679
8.530000 1.9961861
8.555000 1.9971035
8.580000 1.9980362
8.605000 1.9988163
8.630000 1.9994998
8.655000 2.0001826
8.680000 2.0009463
8.705000 2.0017058
8.730000 2.0026266
8.755000 2.0035384
8.780000 2.0044837
8.805000 2.0052214
8.830000 2.0061461
8.855000 2.0070103
8.880000 2.0078129
8.905000 2.0087411
8.930000 2.0096659
8.955000 2.0104118
8.980000 2.0110691
9.005000 2.0117581
9.030000 2.0125311
9.055000 2.0133075
9.080000 2.0142141
9.105000 2.0151456
9.130000 2.0160786
9.155000 2.0168571
9.180000 2.0178016
9.205000 2.0186428
9.230000 2.0195041
9.255000 2.0204622
9.280000 2.0213502
9.305000 2.0221018
9.330000 2.0227544
9.355000 2.0235245
9.380000 2.0242879
9.405000 2.0251566
9.430000 2.0261015
9.455000 2.0271136
9.480000 2.0279501
9.505000 2.0287961
9.530000 2.0296905
9.555000 2.0304851
9.580000 2.0314298
9.605000 2.0323965
9.630000 2.0331255
9.655000 2.033852
9.680000 2.0345402
9.705000 2.035343
9.730000 2.0361421
9.755000 2.0370467
9.780000 2.0380771
9.805000 2.0390395
9.830000 2.0398805
9.855000 2.0408245
9.880000 2.0416608
9.905000 2.0425991
9.930000 2.0435888
9.955000 2.0443853
9.980000 2.0451855
10.005000 2.0458607
10.030000 2.0466761
10.055000 2.0474828
10.080000 2.0484083
10.105000 2.0494539
10.130000 2.0504696
10.155000 2.051331
10.180000 2.0522418
10.205000 2.0530769
10.230000 2.0539964
10.255000 2.0549641
10.280000 2.0558354
10.305000 2.0566597
10.330000 2.0573716
10.355000 2.058217
10.380000 2.0590774
10.405000 2.0600466
10.430000 2.0610639
10.455000 2.0621575
10.480000 2.0630889
10.505000 2.0640099
10.530000 2.0649041
10.555000 2.0658742
10.580000 2.0668388
10.605000 2.0677626
10.630000 2.0686367
10.655000 2.0694045
10.680000 2.0703166
10.705000 2.0712752
10.730000 2.0722921
10.755000 2.0733868
10.780000 2.0745563
10.805000 2.0754824
10.830000 2.0764117
10.855000 2.0773436
10.880000 2.0783215
10.905000 2.0793361
10.930000 2.0803123
10.955000 2.0812168
10.980000 2.0820769
11.005000 2.0830943
11.030000 2.0841258
11.055000 2.0851576
11.080000 2.0863567
11.105000 2.0874936
11.130000 2.0884164
11.155000 2.0893665
11.180000 2.0902896
11.205000 2.0913
11.230000 2.0923981
11.255000 2.0933807
11.280000 2.0943475
11.305000 2.0953238
11.330000 2.0964117
11.355000 2.0975456
11.380000 2.0987213
11.405000 2.0999846
11.430000 2.1010538
11.455000 2.1020649
11.480000 2.1030467
11.505000 2.1040481
11.530000 2.1051646
11.555000 2.1063477
11.580000 2.1074083
11.605000 2.1084749
11.630000 2.1096254
11.655000 2.1108684
11.680000 2.1121106
11.705000 2.1133675
11.730000 2.1146166
11.755000 2.1157261
11.780000 2.1167339
11.805000 2.1177912
11.830000 2.1189588
11.855000 2.1202707
11.880000 2.1215268
11.905000 2.1227179
11.930000 2.1238632
11.955000 2.1252092
11.980000 2.1265745
12.005000 2.1278166
12.030000 2.129198
12.055000 2.1303993
12.080000 2.1315015
12.105000 2.1326762
12.130000 2.1339239
12.155000 2.1353174
12.180000 2.1368355
12.205000 2.1381109
12.230000 2.1394648
12.255000 2.140872
12.280000 2.1422942
12.305000 2.143673
12.330000 2.1451
12.355000 2.1464497
12.380000 2.1477307
12.405000 2.1489729
12.430000 2.1503726
12.455000 2.1518554
12.480000 2.1535023
12.505000 2.1549808
12.530000 2.1564747
12.555000 2.1579272
12.580000 2.1594818
12.605000 2.1610324
12.630000 2.1625428
12.655000 2.1641056
12.680000 2.1655844
12.705000 2.1670761
12.730000 2.1686465
12.755000 2.1703116
12.780000 2.1721618
12.805000 2.1739413
12.830000 2.1755396
12.855000 2.1771274
12.880000 2.1788143
12.905000 2.1804845
12.930000 2.1821346
12.955000 2.1839288
12.980000 2.1857392
13.005000 2.1874268
13.030000 2.1891703
13.055000 2.19106
13.080000 2.1930789
13.105000 2.1950038
13.130000 2.1967169
13.155000 2.1984989
13.180000 2.2003116
13.205000 2.2022164
13.230000 2.2041616
13.255000 2.2062994
13.280000 2.2083279
13.305000 2.2102635
13.330000 2.2122827
13.355000 2.2143467
13.380000 2.2165032
13.405000 2.2186478
13.430000 2.2205819
13.455000 2.2225624
13.480000 2.2246892
13.505000 2.2269668
13.530000 2.2292283
13.555000 2.2316623
13.580000 2.2340237
13.605000 2.2362928
13.630000 2.238504
13.655000 2.2408343
13.680000 2.2433311
13.705000 2.2457481
13.730000 2.2480258
13.755000 2.250451
13.780000 2.2530478
13.805000 2.2556587
13.830000 2.2583235
13.855000 2.2611764
13.880000 2.263831
13.905000 2.2663591
13.930000 2.2689207
13.955000 2.2715601
13.980000 2.2743735
14.005000 2.2771927
14.030000 2.2799565
14.055000 2.282765
14.080000 2.2858002
14.105000 2.2888429
14.130000 2.2918919
14.155000 2.2950444
14.180000 2.2980769
14.205000 2.3009884
14.230000 2.3039534
14.255000 2.3070823
14.280000 2.3104722
14.305000 2.3137339
14.330000 2.3169657
14.355000 2.3203021
14.380000 2.3237936
14.405000 2.327136
14.430000 2.3306152
14.455000 2.3341619
14.480000 2.3375652
14.505000 2.3408652
14.530000 2.3444038
14.555000 2.3479991
14.580000 2.351826
14.605000 2.3555738
14.630000 2.359256
14.655000 2.3630241
14.680000 2.3669348
14.705000 2.3707462
14.730000 2.3747476
14.755000 2.378796
14.780000 2.3828054
14.805000 2.386686
14.830000 2.39082
14.855000 2.3951221
14.880000 2.3994641
14.905000 2.4036402
14.930000 2.4079014
14.955000 2.4123452
14.980000 2.4167818
15.005000 2.4212843
15.030000 2.4260195
15.055000 2.4307172
15.080000 2.4353796
15.105000 2.4400443
15.130000 2.4447823
15.155000 2.4497342
15.180000 2.4546746
15.205000 2.4595321
15.230000 2.4645447
15.255000 2.469771
15.280000 2.4749443
15.305000 2.4803911
15.330000 2.4858913
15.355000 2.4913499
15.380000 2.4967031
15.405000 2.5021114
15.430000 2.5076874
15.455000 2.5134851
15.480000 2.5192337
15.505000 2.5250256
15.530000 2.531039
15.555000 2.5372121
15.580000 2.5434359
15.605000 2.5497568
15.630000 2.5560988
15.655000 2.562314
15.680000 2.5685709
15.705000 2.5749787
15.730000 2.5816108
15.755000 2.5883944
15.780000 2.5951064
15.805000 2.6020073
15.830000 2.6091478
15.855000 2.616264
15.880000 2.6235866
15.905000 2.6309339
15.930000 2.6382929
15.955000 2.6455776
15.980000 2.653007
16.005000 2.6606479
16.030000 2.6685614
16.055000 2.6765094
16.080000 2.684485
16.105000 2.6926646
16.130000 2.7009043
16.155000 2.7094425
16.180000 2.7180034
16.205000 2.7266435
16.230000 2.7352553
16.255000 2.7438952
16.280000 2.7527367
16.305000 2.76187
16.330000 2.7711527
16.355000 2.7803868
16.380000 2.7898979
16.405000 2.7996404
16.430000 2.8095236
16.455000 2.819504
16.480000 2.8296267
16.505000 2.8397678
16.530000 2.8499323
16.555000 2.8602764
16.580000 2.8708324
16.605000 2.8816091
16.630000 2.8925475
16.655000 2.9036888
16.680000 2.9150014
16.705000 2.9266086
16.730000 2.9383611
16.755000 2.9502006
16.780000 2.9620266
16.805000 2.9739325
16.830000 2.9859929
16.855000 2.9983739
16.880000 3.0109577
16.905000 3.0237121
16.930000 3.036697
16.955000 3.049944
16.980000 3.0635654
17.005000 3.0773787
17.030000 3.0912264
17.055000 3.1050633
17.080000 3.1191585
17.105000 3.1333728
17.130000 3.1477623
17.155000 3.1624922
17.180000 3.1775486
17.205000 3.1928081
17.230000 3.208297
17.255000 3.2242783
17.280000 3.2405391
17.305000 3.2567903
17.330000 3.2730584
17.355000 3.2894134
17.380000 3.3059441
17.405000 3.3227552
17.430000 3.3399268
17.455000 3.3574371
17.480000 3.3751764
17.505000 3.3932127
17.530000 3.4120155
17.555000 3.4309285
17.580000 3.4496635
17.605000 3.4685318
17.630000 3.4876565
17.655000 3.5068398
17.680000 3.5262881
17.705000 3.5461839
17.730000 3.5666221
17.755000 3.5874155
17.780000 3.6083677
17.805000 3.6298113
17.830000 3.6516256
17.855000 3.673031
17.880000 3.6944461
17.905000 3.7160894
17.930000 3.7378544
17.955000 3.7597227
17.980000 3.7819918
18.005000 3.8045947
18.030000 3.8272893
18.055000 3.8503669
18.080000 3.8736608
18.105000 3.8961121
18.130000 3.9073931
18.155000 3.9157466
18.180000 3.9244674
18.205000 3.9331157
18.230000 3.9411255
18.255000 3.9489256
18.280000 3.9567315
18.305000 3.9646029
18.330000 3.9721839
18.355000 3.9793043
18.380000 3.9862106
18.405000 3.9925341
18.430000 3.9987143
18.455000 4.004858
18.480000 4.0108206
18.505000 4.0167773
18.530000 4.0227868
18.555000 4.0289096
18.580000 4.0346663
18.605000 4.0401443
18.630000 4.0452991
18.655000 4.0500348
18.680000 4.0545795
18.705000 4.0592593
18.730000 4.0637469
18.755000 4.0682333
18.780000 4.0728574
18.805000 4.0772061
18.830000 4.0814202
18.855000 4.0855054
18.880000 4.0891679
18.905000 4.0926323
18.930000 4.0961108
18.955000 4.099641
18.980000 4.1028366
19.005000 4.1061619
19.030000 4.1095227
19.055000 4.1125964
19.080000 4.1156605
19.105000 4.1183405
19.130000 4.1209422
19.155000 4.1232554
19.180000 4.1257134
19.205000 4.1279212
19.230000 4.1301289
19.255000 4.1323957
19.280000 4.1344193
19.305000 4.1364655
19.330000 4.1381822
19.355000 4.139866
19.380000 4.1414034
19.405000 4.1427141
19.430000 4.1442043
19.455000 4.145481
19.480000 4.1467789
19.505000 4.1479849
19.530000 4.1490358
19.555000 4.1499836
19.580000 4.1509514
19.605000 4.1516827
19.630000 4.1522151
19.655000 4.152862
19.680000 4.1532813
19.705000 4.1538463
19.730000 4.1543165
19.755000 4.1546662
19.780000 4.1552029
19.805000 4.1555211
19.830000 4.1557678
19.855000 4.156108
19.880000 4.1564485
19.905000 4.1568812
19.930000 4.1573026
19.955000 4.1576338
19.980000 4.1579804
20.005000 4.1584194
20.030000 4.1587451
20.055000 4.1591042
20.080000 4.1593035
20.105000 4.1595547
20.130000 4.1599303
20.155000 4.1602249
20.180000 4.160568
20.205000 4.160886
20.230000 4.1612012
20.255000 4.1615641
20.280000 4.1618623
20.305000 4.1621054
20.330000 4.1624024
20.355000 4.1626413
20.380000 4.1629128
20.405000 4.1632147
20.430000 4.1635838
20.455000 4.1638697
20.480000 4.1641443
20.505000 4.1644676
20.530000 4.1646913
20.555000 4.1649523
20.580000 4.1651885
20.605000 4.1654599
20.630000 4.1656084
20.655000 4.1659736
20.680000 4.166256
20.705000 4.1664069
20.730000 4.1667685
20.755000 4.1669541
20.780000 4.1672721
20.805000 4.1676824
20.830000 4.1678443
20.855000 4.1680738
20.880000 4.1683598
20.905000 4.168722
20.930000 4.1688649
20.955000 4.1692561
20.980000 4.1695468
21.005000 4.1699492
21.030000 4.1701924
21.055000 4.1703098
21.080000 4.1706451
21.105000 4.1708718
21.130000 4.1712054
21.155000 4.1714904
21.180000 4.1718858
21.205000 4.1722874
21.230000 4.1725344
21.255000 4.1728383
21.280000 4.1729322
21.305000 4.1734015
21.330000 4.1736028
21.355000 4.1738848
21.380000 4.1742467
21.405000 4.1746141
21.430000 4.1750189
21.455000 4.1752323
21.480000 4.1755379
21.505000 4.1755396
21.530000 4.1759163
21.555000 4.1761154
21.580000 4.1762209
21.605000 4.1767535
21.630000 4.1770048
21.655000 4.1773623
21.680000 4.1776409
21.705000 4.1779128
21.730000 4.177945
21.755000 4.1782249
21.780000 4.1784147
21.805000 4.1784717
21.830000 4.1789993
21.855000 4.179309
21.880000 4.1796128
21.905000 4.1800233
21.930000 4.1803351
21.955000 4.1804036
21.980000 4.1806491
22.005000 4.1808792
22.030000 4.1809062
22.055000 4.1813374
22.080000 4.1817333
22.105000 4.1820115
22.130000 4.1825112
22.155000 4.1828343
22.180000 4.1829276
22.205000 4.1831507
22.230000 4.1832666
22.255000 4.1832576
22.280000 4.1835376
22.305000 4.1839761
22.330000 4.184213
22.355000 4.1846313
22.379999 4.1849457
22.404999 4.1850799
22.429999 4.185272
22.454999 4.1854136
22.479999 4.1854775
22.504999 4.1856768
22.529999 4.186188
22.554999 4.1865006
22.579999 4.186848
22.604999 4.1871423
22.629999 4.1872959
22.654999 4.1873796
22.679999 4.1876003
22.704999 4.1875587
22.729999 4.1877681
22.754999 4.1882389
22.779999 4.1885494
22.804999 4.1887412
22.829999 4.1890563
22.854999 4.1891969
22.879999 4.1892496
22.904999 4.1894673
22.929999 4.1894246
22.954999 4.1895738
22.979999 4.190116
23.004999 4.1904884
23.029999 4.1908067
23.054999 4.1910265
23.079999 4.1911816
23.104999 4.1912482
23.129999 4.1915107
23.154999 4.1915575
23.179999 4.1916604
23.204999 4.192112
23.229999 4.1924937
23.254999 4.1928096
23.279999 4.1929813
23.304999 4.1931496
23.329999 4.1932644
23.354999 4.1934713
23.379999 4.1935624
23.404999 4.1936428
23.429999 4.1939161
23.454999 4.1942532
23.479999 4.1945603
23.504999 4.1946286
23.529999 4.1947569
23.554999 4.1950035
23.579999 4.1950512
23.604999 4.1951836
23.629999 4.195234
23.654999 4.195488
23.679999 4.1957715
23.704999 4.1960324
23.729999 4.1960811
23.754999 4.196205
23.779999 4.1965241
23.804999 4.1966074
23.829999 4.196851
23.854999 4.1969036
23.879999 4.1971485
23.904999 4.197429
23.929999 4.1977345
23.954999 4.1978464
23.979999 4.198039
24.004999 4.1983526
24.029999 4.1984301
24.054999 4.1986771
24.079999 4.1987936
24.104999 4.1989472
24.129999 4.1992695
24.154999 4.1994664
24.179999 4.1995425
24.204999 4.1997739
24.229999 4.2000203
24.254999 4.200003
24.279999 4.2002679
24.304999 4.2003106
24.329999 4.2004793
24.354999 4.2008449
24.379999 4.2009482
24.404999 4.200951
24.429999 4.2013316
24.454999 4.2015911
24.479999 4.2015708
24.504999 4.20186
24.529999 4.201883
24.554999 4.2021385
24.579999 4.2025192
24.604999 4.2025681
24.629999 4.2025715
24.654999 4.2030423
24.679999 4.2031534
24.704999 4.203166
24.729999 4.203358
24.754999 4.203387
24.779999 4.2036448
24.804999 4.203903
24.829999 4.2039904
24.854999 4.2040278
24.879999 4.2045361
24.904999 4.2046549
24.929999 4.2047654
24.954999 4.2049938
24.979999 4.2050689
