0.005000 1.9091525
0.030000 1.9091525
0.055000 1.9091527
0.080000 1.9091531
0.105000 1.9091536
0.130000 1.9091539
0.155000 1.909154
0.180000 1.9091536
0.205000 1.9091536
0.230000 1.9091534
0.255000 1.9091531
0.280000 1.9091533
0.305000 1.9091543
0.330000 1.9091554
0.355000 1.9091576
0.380000 1.90916
0.405000 1.9091641
0.430000 1.9091685
0.455000 1.909174
0.480000 1.9091795
0.505000 1.9091851
0.530000 1.9091911
0.555000 1.9091966
0.580000 1.9092019
0.605000 1.909203
0.630000 1.9092023
0.655000 1.9091968
0.680000 1.909188
0.705000 1.9091781
0.730000 1.9091678
0.755000 1.9091567
0.780000 1.9091479
0.805000 1.9091414
0.830000 1.9091345
0.855000 1.9091306
0.880000 1.9091282
0.905000 1.9091285
0.930000 1.9091281
0.955000 1.9091222
0.980000 1.9091144
1.005000 1.9091069
1.030000 1.9090976
1.055000 1.9090917
1.080000 1.9090907
1.105000 1.909098
1.130000 1.9091078
1.155000 1.9091156
1.180000 1.909126
1.205000 1.9091359
1.230000 1.9091464
1.255000 1.9091592
1.280000 1.9091741
1.305000 1.9091904
1.330000 1.9092083
1.355000 1.9092283
1.380000 1.90925
1.405000 1.9092762
1.430000 1.9093043
1.455000 1.9093349
1.480000 1.909366
1.505000 1.9093894
1.530000 1.9094055
1.555000 1.9094206
1.580000 1.9094383
1.605000 1.909457
1.630000 1.90948
1.655000 1.9095016
1.680000 1.9095198
1.705000 1.9095385
1.730000 1.9095542
1.755000 1.9095731
1.780000 1.9096006
1.805000 1.9096314
1.830000 1.909663
1.855000 1.9096978
1.880000 1.9097329
1.905000 1.9097686
1.930000 1.9098064
1.955000 1.9098478
1.980000 1.909894
2.005000 1.9099425
2.030000 1.9099968
2.055000 1.9100486
2.080000 1.9100922
2.105000 1.9101311
2.130000 1.9101746
2.155000 1.9102219
2.180000 1.9102697
2.205000 1.9103166
2.230000 1.9103606
2.255000 1.910404
2.280000 1.9104544
2.305000 1.9105083
2.330000 1.9105664
2.355000 1.9106299
2.380000 1.9106903
2.405000 1.9107537
2.430000 1.9108207
2.455000 1.9108921
2.480000 1.9109692
2.505000 1.91105
2.530000 1.9111235
2.555000 1.9111924
2.580000 1.9112676
2.605000 1.9113453
2.630000 1.9114247
2.655000 1.9115018
2.680000 1.9115749
2.705000 1.9116548
2.730000 1.9117377
2.755000 1.9118308
2.780000 1.9119262
2.805000 1.9120175
2.830000 1.9121157
2.855000 1.9122143
2.880000 1.9123193
2.905000 1.9124299
2.930000 1.9125343
2.955000 1.9126402
2.980000 1.9127484
3.005000 1.9128615
3.030000 1.912972
3.055000 1.9130764
3.080000 1.9131888
3.105000 1.9133042
3.130000 1.9134348
3.155000 1.9135626
3.180000 1.9136923
3.205000 1.913825
3.230000 1.9139588
3.255000 1.9141031
3.280000 1.9142425
3.305000 1.9143842
3.330000 1.9145262
3.355000 1.9146789
3.380000 1.9148237
3.405000 1.9149632
3.430000 1.9151107
3.455000 1.9152683
3.480000 1.9154364
3.505000 1.915602
3.530000 1.9157734
3.555000 1.9159398
3.580000 1.916121
3.605000 1.9163003
3.630000 1.9164808
3.655000 1.9166606
3.680000 1.9168552
3.705000 1.9170394
3.730000 1.9172213
3.755000 1.9174102
3.780000 1.9176183
3.805000 1.9178231
3.830000 1.9180382
3.855000 1.9182446
3.880000 1.918463
3.905000 1.9186871
3.930000 1.9189072
3.955000 1.9191273
3.980000 1.9193654
4.005000 1.9195908
4.030000 1.919812
4.055000 1.9200417
4.080000 1.9202895
4.105000 1.9205326
4.130000 1.9207862
4.155000 1.9210299
4.180000 1.9212926
4.205000 1.9215522
4.230000 1.9218125
4.255000 1.922084
4.280000 1.9223545
4.305000 1.9226146
4.330000 1.9228827
4.355000 1.9231688
4.380000 1.9234485
4.405000 1.9237431
4.430000 1.924027
4.455000 1.924329
4.480000 1.9246317
4.505000 1.9249308
4.530000 1.9252472
4.555000 1.9255594
4.580000 1.925866
4.605000 1.926183
4.630000 1.926509
4.655000 1.9268359
4.680000 1.927165
4.705000 1.9274982
4.730000 1.9278441
4.755000 1.9281862
4.780000 1.9285318
4.805000 1.928892
4.830000 1.929247
4.855000 1.9296006
4.880000 1.9299694
4.905000 1.9303295
4.930000 1.9307035
4.955000 1.9310742
4.980000 1.9314592
5.005000 1.9318454
5.030000 1.9322313
5.055000 1.9326313
5.080000 1.9330353
5.105000 1.9334332
5.130000 1.9338483
5.155000 1.934257
5.180000 1.9346654
5.205000 1.9350864
5.230000 1.9355138
5.255000 1.935942
5.280000 1.9363746
5.305000 1.9368175
5.330000 1.9372675
5.355000 1.937721
5.380000 1.9381679
5.405000 1.9386216
5.430000 1.9390756
5.455000 1.939542
5.480000 1.9400175
5.505000 1.9404871
5.530000 1.9409657
5.555000 1.9414628
5.580000 1.9419562
5.605000 1.9424545
5.630000 1.9429479
5.655000 1.9434365
5.680000 1.943947
5.705000 1.9444649
5.730000 1.9449795
5.755000 1.9454986
5.780000 1.9460335
5.805000 1.9465747
5.830000 1.9471138
5.855000 1.9476483
5.880000 1.9481744
5.905000 1.9487281
5.930000 1.9492837
5.955000 1.9498407
5.980000 1.9503983
6.005000 1.9509747
6.030000 1.9515659
6.055000 1.9521424
6.080000 1.9527149
6.105000 1.9532863
6.130000 1.9538811
6.155000 1.9544738
6.180000 1.9550706
6.205000 1.9556678
6.230000 1.9562921
6.255000 1.9569323
6.280000 1.9575487
6.305000 1.9581556
6.330000 1.9587779
6.355000 1.9594171
6.380000 1.9600553
6.405000 1.9606978
6.430000 1.9613474
6.455000 1.9620254
6.480000 1.962694
6.505000 1.9633496
6.530000 1.9640011
6.555000 1.9646791
6.580000 1.9653571
6.605000 1.9660425
6.630000 1.9667251
6.655000 1.9674335
6.680000 1.9681593
6.705000 1.9688537
6.730000 1.9695439
6.755000 1.9702513
6.780000 1.9709716
6.805000 1.9716986
6.830000 1.9724276
6.855000 1.9731729
6.880000 1.9739481
6.905000 1.974691
6.930000 1.9754228
6.955000 1.9761698
6.980000 1.9769285
7.005000 1.9776921
7.030000 1.9784613
7.055000 1.9792415
7.080000 1.9800536
7.105000 1.9808365
7.130000 1.9816086
7.155000 1.9823914
7.180000 1.9831869
7.205000 1.9839902
7.230000 1.9848028
7.255000 1.9856277
7.280000 1.9864787
7.305000 1.9872997
7.330000 1.9881135
7.355000 1.988942
7.380000 1.9897778
7.405000 1.990625
7.430000 1.9914794
7.455000 1.9923464
7.480000 1.9932332
7.505000 1.9940882
7.530000 1.9949452
7.555000 1.9958126
7.580000 1.9966828
7.605000 1.9975723
7.630000 1.9984727
7.655000 1.9993874
7.680000 2.000303
7.705000 2.0011909
7.730000 2.0020919
7.755000 2.0030011
7.780000 2.003916
7.805000 2.0048461
7.830000 2.0057875
7.855000 2.0067488
7.880000 2.0076854
7.905000 2.008616
7.930000 2.0095607
7.955000 2.0105081
7.980000 2.0114673
8.005000 2.0124445
8.030000 2.0134317
8.055000 2.0144238
8.080000 2.0153845
8.105000 2.0163653
8.130000 2.0173513
8.155000 2.0183391
8.180000 2.0193477
8.205000 2.0203706
8.230000 2.021412
8.255000 2.0224221
8.280000 2.0234372
8.305000 2.0244618
8.330000 2.0254902
8.355000 2.0265367
8.380000 2.0275974
8.405000 2.0286735
8.430000 2.0297313
8.455000 2.0307774
8.480000 2.0318432
8.505000 2.0329112
8.530000 2.0339856
8.555000 2.0350854
8.580000 2.0361958
8.605000 2.0373053
8.630000 2.0383882
8.655000 2.0394906
8.680000 2.0405977
8.705000 2.0417069
8.730000 2.0428429
8.755000 2.0439958
8.780000 2.0451558
8.805000 2.0462835
8.830000 2.0474259
8.855000 2.0485741
8.880000 2.0497234
8.905000 2.0508978
8.930000 2.0520844
8.955000 2.0532865
8.980000 2.0544499
9.005000 2.0556301
9.030000 2.0568175
9.055000 2.0580058
9.080000 2.0592233
9.105000 2.0604532
9.130000 2.0616952
9.155000 2.0628988
9.180000 2.0641175
9.205000 2.065347
9.230000 2.0665703
9.255000 2.0678226
9.280000 2.0690866
9.305000 2.0703615
9.330000 2.0715967
9.355000 2.0728494
9.380000 2.0741183
9.405000 2.0753776
9.430000 2.0766657
9.455000 2.0779709
9.480000 2.0792839
9.505000 2.0805568
9.530000 2.08185
9.555000 2.0831555
9.580000 2.0844518
9.605000 2.0857782
9.630000 2.0871232
9.655000 2.0884668
9.680000 2.0897739
9.705000 2.0911048
9.730000 2.09244
9.755000 2.0937731
9.780000 2.0951344
9.805000 2.0965165
9.830000 2.0978825
9.855000 2.0992201
9.880000 2.1005922
9.905000 2.1019592
9.930000 2.1033309
9.955000 2.1047359
9.980000 2.1061517
10.005000 2.107539
10.030000 2.1089159
10.055000 2.1103274
10.080000 2.1117269
10.105000 2.1131378
10.130000 2.114588
10.155000 2.1160366
10.180000 2.11745
10.205000 2.1188733
10.230000 2.1203224
10.255000 2.1217561
10.280000 2.1232175
10.305000 2.1247084
10.330000 2.1261834
10.355000 2.1276307
10.380000 2.1291069
10.405000 2.1305947
10.430000 2.1320696
10.455000 2.1335793
10.480000 2.1351003
10.505000 2.1365923
10.530000 2.1380775
10.555000 2.1395958
10.580000 2.1411066
10.605000 2.1426281
10.630000 2.1441811
10.655000 2.1457259
10.680000 2.1472443
10.705000 2.1487728
10.730000 2.1503325
10.755000 2.1518724
10.780000 2.1534448
10.805000 2.1550358
10.830000 2.156601
10.855000 2.1581552
10.880000 2.1597454
10.905000 2.161322
10.930000 2.162914
10.955000 2.1645329
10.980000 2.1661482
11.005000 2.1677451
11.030000 2.1693464
11.055000 2.1709706
11.080000 2.1725842
11.105000 2.1742205
11.130000 2.175873
11.155000 2.1775112
11.180000 2.1791347
11.205000 2.1807884
11.230000 2.1824409
11.255000 2.184101
11.280000 2.1857831
11.305000 2.1874643
11.330000 2.1891391
11.355000 2.1908126
11.380000 2.1925147
11.405000 2.1942022
11.430000 2.1959091
11.455000 2.1976366
11.480000 2.1993523
11.505000 2.2010614
11.530000 2.2028064
11.555000 2.2045355
11.580000 2.2062835
11.605000 2.2080506
11.630000 2.2098146
11.655000 2.2115716
11.680000 2.2133416
11.705000 2.2151163
11.730000 2.2168905
11.755000 2.2186846
11.780000 2.2204913
11.805000 2.2222899
11.830000 2.2240896
11.855000 2.2259108
11.880000 2.2277178
11.905000 2.2295497
11.930000 2.2313999
11.955000 2.2332385
11.980000 2.2350803
12.005000 2.2369389
12.030000 2.2387911
12.055000 2.24065
12.080000 2.2425343
12.105000 2.2444249
12.130000 2.2463092
12.155000 2.2482022
12.180000 2.2501034
12.205000 2.251998
12.230000 2.2539182
12.255000 2.2558611
12.280000 2.2577915
12.305000 2.2597253
12.330000 2.2616738
12.355000 2.26361
12.380000 2.265568
12.405000 2.2675525
12.430000 2.2695279
12.455000 2.2715027
12.480000 2.2734942
12.505000 2.2754778
12.530000 2.2774808
12.555000 2.2795081
12.580000 2.2815281
12.605000 2.2835513
12.630000 2.2855921
12.655000 2.2876267
12.680000 2.2896813
12.705000 2.2917494
12.730000 2.2938228
12.755000 2.295901
12.780000 2.2979839
12.805000 2.300075
12.830000 2.3021839
12.855000 2.3042965
12.880000 2.3064246
12.905000 2.3085575
12.930000 2.3106844
12.955000 2.3128321
12.980000 2.3149944
13.005000 2.3171583
13.030000 2.3193485
13.055000 2.3215468
13.080000 2.3237311
13.105000 2.325943
13.130000 2.3281626
13.155000 2.3303949
13.180000 2.3326491
13.205000 2.3349039
13.230000 2.3371634
13.255000 2.33944
13.280000 2.3417201
13.305000 2.3440233
13.330000 2.3463399
13.355000 2.3486552
13.380000 2.3509923
13.405000 2.3533338
13.430000 2.3556913
13.455000 2.3580685
13.480000 2.3604486
13.505000 2.3628481
13.530000 2.3652552
13.555000 2.367679
13.580000 2.3701152
13.605000 2.3725682
13.630000 2.375031
13.655000 2.3775142
13.680000 2.3800041
13.705000 2.3825234
13.730000 2.3850391
13.755000 2.3875708
13.780000 2.3901193
13.805000 2.3926831
13.830000 2.3952748
13.855000 2.3978819
13.880000 2.4004853
13.905000 2.40313
13.930000 2.4057771
13.955000 2.4084484
13.980000 2.4111457
14.005000 2.4138425
14.030000 2.4165479
14.055000 2.4192995
14.080000 2.4220549
14.105000 2.4248443
14.130000 2.4276533
14.155000 2.4304711
14.180000 2.4333066
14.205000 2.4361838
14.230000 2.4390763
14.255000 2.4419876
14.280000 2.4449151
14.305000 2.4478791
14.330000 2.450845
14.355000 2.4538699
14.380000 2.4569014
14.405000 2.4599359
14.430000 2.4630127
14.455000 2.4661115
14.480000 2.4692258
14.505000 2.4723946
14.530000 2.4755572
14.555000 2.4787474
14.580000 2.481978
14.605000 2.4852426
14.630000 2.4885171
14.655000 2.4918285
14.680000 2.4951572
14.705000 2.498511
14.730000 2.5019139
14.755000 2.5053478
14.780000 2.5087823
14.805000 2.5122777
14.830000 2.5157923
14.855000 2.5193347
14.880000 2.5229286
14.905000 2.5265443
14.930000 2.5301742
14.955000 2.5338737
14.980000 2.5375946
15.005000 2.5413373
15.030000 2.5451316
15.055000 2.5489476
15.080000 2.5528024
15.105000 2.5567273
15.130000 2.5606626
15.155000 2.5646267
15.180000 2.5686475
15.205000 2.5727045
15.230000 2.5768125
15.255000 2.5809655
15.280000 2.5851325
15.305000 2.589339
15.330000 2.5936175
15.355000 2.5979359
15.380000 2.6023034
15.405000 2.6067052
15.430000 2.6111351
15.455000 2.6156194
15.480000 2.6201936
15.505000 2.6247762
15.530000 2.629425
15.555000 2.634122
15.580000 2.6388503
15.605000 2.6436482
15.630000 2.6485179
15.655000 2.6533995
15.680000 2.65837
15.705000 2.6633871
15.730000 2.6684539
15.755000 2.6735834
15.780000 2.6787881
15.805000 2.6840248
15.830000 2.6893556
15.855000 2.6947462
15.880000 2.7001694
15.905000 2.7056714
15.930000 2.7112615
15.955000 2.7168878
15.980000 2.7226152
16.005000 2.7283991
16.030000 2.7342316
16.055000 2.7401631
16.080000 2.7461663
16.105000 2.7522292
16.130000 2.7583656
16.155000 2.7645756
16.180000 2.7708579
16.205000 2.777241
16.230000 2.7836855
16.255000 2.7902245
16.280000 2.7968328
16.305000 2.8035216
16.330000 2.8103003
16.355000 2.8171794
16.380000 2.8241242
16.405000 2.831187
16.430000 2.8383186
16.455000 2.8455335
16.480000 2.8528532
16.505000 2.8602755
16.530000 2.8677693
16.555000 2.8753858
16.580000 2.8830743
16.605000 2.89087
16.630000 2.8987724
16.655000 2.9067781
16.680000 2.9148868
16.705000 2.9231022
16.730000 2.9314277
16.755000 2.9398623
16.780000 2.948417
16.805000 2.9570756
16.830000 2.9658538
16.855000 2.9747537
16.880000 2.9837609
16.905000 2.9929046
16.930000 3.0021591
16.955000 3.0115576
16.980000 3.0210762
17.005000 3.0307211
17.030000 3.0404955
17.055000 3.0503994
17.080000 3.060455
17.105000 3.0706622
17.130000 3.0809934
17.155000 3.0914696
17.180000 3.1021043
17.205000 3.1128787
17.230000 3.1238032
17.255000 3.1348848
17.280000 3.1461177
17.305000 3.157526
17.330000 3.1690973
17.355000 3.1808117
17.380000 3.192719
17.405000 3.2047779
17.430000 3.2170262
17.455000 3.2294584
17.480000 3.2420541
17.505000 3.2548073
17.530000 3.2677874
17.555000 3.2809267
17.580000 3.2942494
17.605000 3.3077845
17.630000 3.3214758
17.655000 3.3353828
17.680000 3.3494953
17.705000 3.3637992
17.730000 3.3783222
17.755000 3.3930518
17.780000 3.4079846
17.805000 3.4231679
17.830000 3.4385339
17.855000 3.4541176
17.880000 3.4699548
17.905000 3.4859938
17.930000 3.5022548
17.955000 3.5187857
17.980000 3.535509
18.005000 3.5525118
18.030000 3.569746
18.055000 3.5872158
18.080000 3.6049724
18.105000 3.6229611
18.130000 3.6411706
18.155000 3.6596452
18.180000 3.678381
18.205000 3.6973586
18.230000 3.7166281
18.255000 3.7360802
18.280000 3.755828
18.305000 3.7758355
18.330000 3.7960679
18.355000 3.8165197
18.380000 3.8371644
18.405000 3.8549273
18.430000 3.8621652
18.455000 3.869035
18.480000 3.8763675
18.505000 3.8834553
18.530000 3.8895835
18.555000 3.8953669
18.580000 3.9008756
18.605000 3.906109
18.630000 3.9110914
18.655000 3.9158023
18.680000 3.9202581
18.705000 3.9245561
18.730000 3.9285961
18.755000 3.932491
18.780000 3.93613
18.805000 3.9395722
18.830000 3.9428781
18.855000 3.9459755
18.880000 3.9489574
18.905000 3.9516934
18.930000 3.9542938
18.955000 3.9567734
18.980000 3.9590752
19.005000 3.9612419
19.030000 3.9632039
19.055000 3.9650394
19.080000 3.966779
19.105000 3.9683478
19.130000 3.9697905
19.155000 3.9710325
19.180000 3.9721716
19.205000 3.9732211
19.230000 3.9741038
19.255000 3.9748717
19.280000 3.9754242
19.305000 3.9759059
19.330000 3.9762698
19.355000 3.9765629
19.380000 3.9767954
19.405000 3.9770093
19.430000 3.9772947
19.455000 3.9775219
19.480000 3.9777737
19.505000 3.9779853
19.530000 3.9781925
19.555000 3.9784887
19.580000 3.978707
19.605000 3.9789453
19.630000 3.9791382
19.655000 3.9793619
19.680000 3.9796387
19.705000 3.9798514
19.730000 3.9800993
19.755000 3.9802912
19.780000 3.9805409
19.805000 3.9807902
19.830000 3.9810146
19.855000 3.9812441
19.880000 3.9814288
19.905000 3.9816923
19.930000 3.9819148
19.955000 3.9821586
19.980000 3.9823808
20.005000 3.9825751
20.030000 3.9828297
20.055000 3.9830451
20.080000 3.9832835
20.105000 3.9834893
20.130000 3.9836992
20.155000 3.9839165
20.180000 3.9841416
20.205000 3.9843744
20.230000 3.9845805
20.255000 3.9847974
20.280000 3.9850115
20.305000 3.9852418
20.330000 3.9854527
20.355000 3.9856491
20.380000 3.9858684
20.405000 3.9860832
20.430000 3.9863075
20.455000 3.986518
20.480000 3.9867324
20.505000 3.9869359
20.530000 3.9871598
20.555000 3.9873593
20.580000 3.9875766
20.605000 3.9877935
20.630000 3.9880006
20.655000 3.9882184
20.680000 3.9884223
20.705000 3.9886504
20.730000 3.9888647
20.755000 3.9890649
20.780000 3.9892607
20.805000 3.9894614
20.830000 3.9897015
20.855000 3.9898964
20.880000 3.9900905
20.905000 3.9902836
20.930000 3.9904891
20.955000 3.9907377
20.980000 3.9908974
21.005000 3.9910981
21.030000 3.9912862
21.055000 3.9914903
21.080000 3.9917209
21.105000 3.9918758
21.130000 3.9920787
21.155000 3.9922706
21.180000 3.9925054
21.205000 3.9927101
21.230000 3.9928917
21.255000 3.9930955
21.280000 3.993296
21.305000 3.9935467
21.330000 3.9936993
21.355000 3.9939066
21.380000 3.9940803
21.405000 3.9943112
21.430000 3.9945305
21.455000 3.9946846
21.480000 3.9949098
21.505000 3.9950788
21.530000 3.995327
21.555000 3.9955051
21.580000 3.9956718
21.605000 3.9958815
21.630000 3.9960666
21.655000 3.9962962
21.680000 3.9964508
21.705000 3.9966493
21.730000 3.9968282
21.755000 3.9970426
21.780000 3.9972486
21.805000 3.9974031
21.830000 3.9976181
21.855000 3.9977977
21.880000 3.9980354
21.905000 3.9982288
21.930000 3.9983952
21.955000 3.9986014
21.980000 3.9988004
22.005000 3.9990201
22.030000 3.9992022
22.055000 3.9993922
22.080000 3.9995851
22.105000 3.9997951
22.130000 3.9999899
22.155000 4.0001723
22.180000 4.0003624
22.205000 4.0005615
22.230000 4.000763
22.255000 4.0009578
22.280000 4.0011433
22.305000 4.0013303
22.330000 4.0015317
22.355000 4.0017163
22.379999 4.0019209
22.404999 4.0020977
22.429999 4.002301
22.454999 4.0024845
22.479999 4.0026853
22.504999 4.0028999
22.529999 4.0030774
22.554999 4.0032785
22.579999 4.0034579
22.604999 4.0036706
22.629999 4.0038561
22.654999 4.0040637
22.679999 4.0042519
22.704999 4.004432
22.729999 4.0046435
22.754999 4.0048069
22.779999 4.005023
22.804999 4.005196
22.829999 4.0053951
22.854999 4.0055894
22.879999 4.0057748
22.904999 4.0059725
22.929999 4.0061472
22.954999 4.0063627
22.979999 4.0065308
23.004999 4.0067393
23.029999 4.0069251
23.054999 4.0071126
23.079999 4.0073214
23.104999 4.0074872
23.129999 4.0076915
23.154999 4.0078774
23.179999 4.0080939
23.204999 4.0082876
23.229999 4.0084975
23.254999 4.0086895
23.279999 4.0088728
23.304999 4.0090878
23.329999 4.0092638
23.354999 4.0094641
23.379999 4.0096433
23.404999 4.0098363
23.429999 4.0100298
23.454999 4.0102225
23.479999 4.0104043
23.504999 4.010596
23.529999 4.0107805
23.554999 4.0109705
23.579999 4.0111642
23.604999 4.01137
23.629999 4.0115631
23.654999 4.0117463
23.679999 4.0119517
23.704999 4.0121399
23.729999 4.0123491
23.754999 4.0125354
23.779999 4.0127316
23.804999 4.0129222
23.829999 4.013122
23.854999 4.0133164
23.879999 4.0134782
23.904999 4.0136902
23.929999 4.0138855
23.954999 4.0140824
23.979999 4.0142518
24.004999 4.0144387
24.029999 4.0146366
24.054999 4.0148378
24.079999 4.0150377
24.104999 4.0152033
24.129999 4.0154202
24.154999 4.0156025
24.179999 4.0158042
24.204999 4.015993
24.229999 4.0161738
24.254999 4.0163902
24.279999 4.0165643
24.304999 4.0167764
24.329999 4.016951
24.354999 4.017172
24.379999 4.0173668
24.404999 4.0175652
24.429999 4.017773
24.454999 4.0179514
24.479999 4.0181737
24.504999 4.0183352
24.529999 4.0185266
24.554999 4.0186986
24.579999 4.0189006
24.604999 4.0191002
24.629999 4.0192925
24.654999 4.0194832
24.679999 4.0196873
24.704999 4.0198923
24.729999 4.0200879
24.754999 4.0202769
24.779999 4.0204786
24.804999 4.0206972
24.829999 4.020892
24.854999 4.0210815
24.879999 4.0212525
24.904999 4.0214667
24.929999 4.0216605
24.954999 4.0218701
24.979999 4.0220335
