0.005000 1.5008331
0.030000 1.5008331
0.055000 1.5008328
0.080000 1.5008324
0.105000 1.5008319
0.130000 1.5008317
0.155000 1.5008318
0.180000 1.5008322
0.205000 1.5008333
0.230000 1.500835
0.255000 1.5008372
0.280000 1.5008409
0.305000 1.5008454
0.330000 1.5008505
0.355000 1.5008561
0.380000 1.5008622
0.405000 1.5008684
0.430000 1.5008745
0.455000 1.5008806
0.480000 1.5008864
0.505000 1.5008926
0.530000 1.5008989
0.555000 1.5009047
0.580000 1.5009102
0.605000 1.5009143
0.630000 1.500918
0.655000 1.5009222
0.680000 1.5009246
0.705000 1.5009267
0.730000 1.5009294
0.755000 1.5009336
0.780000 1.5009379
0.805000 1.5009436
0.830000 1.5009501
0.855000 1.500957
0.880000 1.5009638
0.905000 1.5009714
0.930000 1.5009802
0.955000 1.5009883
0.980000 1.500992
1.005000 1.5009965
1.030000 1.5010024
1.055000 1.501008
1.080000 1.501014
1.105000 1.5010201
1.130000 1.5010265
1.155000 1.5010338
1.180000 1.5010427
1.205000 1.5010534
1.230000 1.5010649
1.255000 1.5010782
1.280000 1.5010945
1.305000 1.5011132
1.330000 1.5011337
1.355000 1.501157
1.380000 1.5011827
1.405000 1.5012092
1.430000 1.5012375
1.455000 1.5012662
1.480000 1.5012952
1.505000 1.5013184
1.530000 1.5013427
1.555000 1.5013688
1.580000 1.5013953
1.605000 1.5014227
1.630000 1.5014513
1.655000 1.5014798
1.680000 1.5015054
1.705000 1.5015332
1.730000 1.5015604
1.755000 1.5015859
1.780000 1.5016132
1.805000 1.501641
1.830000 1.5016704
1.855000 1.5017013
1.880000 1.5017343
1.905000 1.5017698
1.930000 1.501809
1.955000 1.5018525
1.980000 1.5018962
2.005000 1.5019414
2.030000 1.5019841
2.055000 1.5020222
2.080000 1.5020622
2.105000 1.5021039
2.130000 1.5021475
2.155000 1.5021912
2.180000 1.5022275
2.205000 1.5022635
2.230000 1.5022998
2.255000 1.5023367
2.280000 1.5023744
2.305000 1.5024155
2.330000 1.5024606
2.355000 1.5025098
2.380000 1.5025629
2.405000 1.5026203
2.430000 1.5026796
2.455000 1.5027409
2.480000 1.5027979
2.505000 1.5028523
2.530000 1.5029113
2.555000 1.5029732
2.580000 1.5030366
2.605000 1.5030955
2.630000 1.5031568
2.655000 1.5032164
2.680000 1.5032775
2.705000 1.5033382
2.730000 1.5034033
2.755000 1.5034714
2.780000 1.5035436
2.805000 1.5036208
2.830000 1.5037
2.855000 1.5037786
2.880000 1.503853
2.905000 1.5039288
2.930000 1.5040095
2.955000 1.5040903
2.980000 1.5041635
3.005000 1.5042359
3.030000 1.5043097
3.055000 1.5043843
3.080000 1.5044607
3.105000 1.5045428
3.130000 1.5046299
3.155000 1.5047219
3.180000 1.5048178
3.205000 1.5049118
3.230000 1.5050006
3.255000 1.5050934
3.280000 1.5051913
3.305000 1.5052877
3.330000 1.5053835
3.355000 1.5054792
3.380000 1.5055762
3.405000 1.5056735
3.430000 1.5057755
3.455000 1.5058817
3.480000 1.5059932
3.505000 1.5061082
3.530000 1.5062201
3.555000 1.5063294
3.580000 1.5064405
3.605000 1.5065563
3.630000 1.5066657
3.655000 1.5067721
3.680000 1.506881
3.705000 1.5069912
3.730000 1.5071039
3.755000 1.5072224
3.780000 1.5073461
3.805000 1.5074756
3.830000 1.5076001
3.855000 1.5077229
3.880000 1.50785
3.905000 1.5079786
3.930000 1.5081074
3.955000 1.5082369
3.980000 1.508367
4.005000 1.5084986
4.030000 1.508635
4.055000 1.5087756
4.080000 1.5089214
4.105000 1.5090671
4.130000 1.5092097
4.155000 1.5093518
4.180000 1.5094962
4.205000 1.5096379
4.230000 1.5097757
4.255000 1.5099168
4.280000 1.5100601
4.305000 1.5102076
4.330000 1.5103598
4.355000 1.5105179
4.380000 1.5106729
4.405000 1.5108261
4.430000 1.5109829
4.455000 1.5111386
4.480000 1.5112963
4.505000 1.5114545
4.530000 1.5116145
4.555000 1.5117776
4.580000 1.5119457
4.605000 1.5121177
4.630000 1.512292
4.655000 1.5124623
4.680000 1.5126338
4.705000 1.5128039
4.730000 1.5129723
4.755000 1.5131391
4.780000 1.5133084
4.805000 1.5134818
4.830000 1.5136592
4.855000 1.5138404
4.880000 1.5140223
4.905000 1.5142001
4.930000 1.5143835
4.955000 1.5145641
4.980000 1.5147463
5.005000 1.5149285
5.030000 1.5151154
5.055000 1.5153052
5.080000 1.5154996
5.105000 1.5156961
5.130000 1.5158921
5.155000 1.5160865
5.180000 1.5162809
5.205000 1.5164713
5.230000 1.5166617
5.255000 1.5168522
5.280000 1.5170475
5.305000 1.517247
5.330000 1.5174493
5.355000 1.5176485
5.380000 1.5178469
5.405000 1.5180494
5.430000 1.518249
5.455000 1.5184501
5.480000 1.5186506
5.505000 1.5188579
5.530000 1.5190682
5.555000 1.5192813
5.580000 1.5194925
5.605000 1.5197044
5.630000 1.5199152
5.655000 1.5201226
5.680000 1.5203274
5.705000 1.5205315
5.730000 1.520739
5.755000 1.5209531
5.780000 1.521167
5.805000 1.5213775
5.830000 1.521589
5.855000 1.5218011
5.880000 1.5220125
5.905000 1.5222245
5.930000 1.5224355
5.955000 1.5226533
5.980000 1.5228745
6.005000 1.5230948
6.030000 1.5233124
6.055000 1.5235307
6.080000 1.5237457
6.105000 1.5239563
6.130000 1.5241657
6.155000 1.524375
6.180000 1.5245925
6.205000 1.524811
6.230000 1.5250253
6.255000 1.5252382
6.280000 1.5254517
6.305000 1.5256633
6.330000 1.5258754
6.355000 1.526087
6.380000 1.5263034
6.405000 1.5265228
6.430000 1.5267409
6.455000 1.5269553
6.480000 1.5271697
6.505000 1.5273806
6.530000 1.5275863
6.555000 1.5277896
6.580000 1.5279945
6.605000 1.5282051
6.630000 1.528412
6.655000 1.5286155
6.680000 1.528819
6.705000 1.5290208
6.730000 1.5292205
6.755000 1.5294193
6.780000 1.5296188
6.805000 1.5298207
6.830000 1.53002
6.855000 1.5302173
6.880000 1.530411
6.905000 1.5306029
6.930000 1.5307879
6.955000 1.5309695
6.980000 1.5311546
7.005000 1.5313414
7.030000 1.5315233
7.055000 1.5317028
7.080000 1.5318799
7.105000 1.5320544
7.130000 1.5322266
7.155000 1.5323974
7.180000 1.5325698
7.205000 1.5327414
7.230000 1.5329081
7.255000 1.5330722
7.280000 1.5332335
7.305000 1.5333902
7.330000 1.53354
7.355000 1.5336907
7.380000 1.5338433
7.405000 1.5339936
7.430000 1.5341358
7.455000 1.5342765
7.480000 1.5344152
7.505000 1.5345492
7.530000 1.5346824
7.555000 1.5348163
7.580000 1.5349493
7.605000 1.5350772
7.630000 1.5351995
7.655000 1.5353157
7.680000 1.5354309
7.705000 1.5355374
7.730000 1.5356436
7.755000 1.5357513
7.780000 1.5358574
7.805000 1.5359535
7.830000 1.536043
7.855000 1.5361304
7.880000 1.5362145
7.905000 1.5362982
7.930000 1.5363805
7.955000 1.5364612
7.980000 1.5365352
8.005000 1.5366038
8.030000 1.5366683
8.055000 1.536729
8.080000 1.5367824
8.105000 1.5368354
8.130000 1.536889
8.155000 1.5369369
8.180000 1.5369769
8.205000 1.5370103
8.230000 1.5370398
8.255000 1.5370676
8.280000 1.5370945
8.305000 1.5371183
8.330000 1.5371378
8.355000 1.5371494
8.380000 1.5371556
8.405000 1.537162
8.430000 1.5371578
8.455000 1.5371502
8.480000 1.5371438
8.505000 1.5371346
8.530000 1.5371138
8.555000 1.5370869
8.580000 1.5370582
8.605000 1.5370255
8.630000 1.536991
8.655000 1.5369525
8.680000 1.5369095
8.705000 1.5368575
8.730000 1.5368004
8.755000 1.5367437
8.780000 1.5366762
8.805000 1.5366029
8.830000 1.5365282
8.855000 1.5364513
8.880000 1.536364
8.905000 1.5362702
8.930000 1.5361742
8.955000 1.5360741
8.980000 1.5359698
9.005000 1.5358602
9.030000 1.5357448
9.055000 1.535622
9.080000 1.5354955
9.105000 1.535366
9.130000 1.5352264
9.155000 1.5350797
9.180000 1.5349308
9.205000 1.5347761
9.230000 1.5346125
9.255000 1.5344444
9.280000 1.5342722
9.305000 1.5340957
9.330000 1.5339113
9.355000 1.5337217
9.380000 1.5335251
9.405000 1.5333222
9.430000 1.533117
9.455000 1.5329042
9.480000 1.5326818
9.505000 1.5324542
9.530000 1.5322224
9.555000 1.5319819
9.580000 1.5317338
9.605000 1.5314842
9.630000 1.5312295
9.655000 1.530967
9.680000 1.5306983
9.705000 1.530421
9.730000 1.5301388
9.755000 1.5298515
9.780000 1.5295594
9.805000 1.5292566
9.830000 1.5289473
9.855000 1.5286295
9.880000 1.5283065
9.905000 1.5279754
9.930000 1.5276431
9.955000 1.5273032
9.980000 1.5269562
10.005000 1.5266028
10.030000 1.5262376
10.055000 1.5258712
10.080000 1.5254957
10.105000 1.5251171
10.130000 1.5247272
10.155000 1.52433
10.180000 1.5239213
10.205000 1.5235091
10.230000 1.5230903
10.255000 1.5226684
10.280000 1.522238
10.305000 1.521802
10.330000 1.521358
10.355000 1.5209012
10.380000 1.5204448
10.405000 1.5199792
10.430000 1.5195093
10.455000 1.519029
10.480000 1.5185374
10.505000 1.5180345
10.530000 1.5175285
10.555000 1.5170165
10.580000 1.5164999
10.605000 1.5159727
10.630000 1.5154407
10.655000 1.5148996
10.680000 1.51435
10.705000 1.5137964
10.730000 1.5132347
10.755000 1.5126649
10.780000 1.512086
10.805000 1.5114932
10.830000 1.5108941
10.855000 1.510291
10.880000 1.5096807
10.905000 1.5090635
10.930000 1.5084386
10.955000 1.5078043
10.980000 1.5071659
11.005000 1.5065169
11.030000 1.5058636
11.055000 1.5051985
11.080000 1.50453
11.105000 1.5038446
11.130000 1.5031505
11.155000 1.5024533
11.180000 1.5017508
11.205000 1.5010364
11.230000 1.5003172
11.255000 1.4995878
11.280000 1.4988558
11.305000 1.4981146
11.330000 1.4973668
11.355000 1.4966051
11.380000 1.4958389
11.405000 1.4950612
11.430000 1.4942716
11.455000 1.4934766
11.480000 1.4926778
11.505000 1.4918681
11.530000 1.4910499
11.555000 1.4902231
11.580000 1.489394
11.605000 1.4885571
11.630000 1.4877093
11.655000 1.486852
11.680000 1.4859826
11.705000 1.4851065
11.730000 1.4842232
11.755000 1.4833301
11.780000 1.4824285
11.805000 1.4815211
11.830000 1.4806005
11.855000 1.4796769
11.880000 1.4787471
11.905000 1.4778117
11.930000 1.4768622
11.955000 1.4759063
11.980000 1.4749344
12.005000 1.4739597
12.030000 1.4729776
12.055000 1.4719837
12.080000 1.4709788
12.105000 1.4699704
12.130000 1.4689509
12.155000 1.4679293
12.180000 1.4668979
12.205000 1.4658575
12.230000 1.464808
12.255000 1.4637476
12.280000 1.4626787
12.305000 1.4616
12.330000 1.4605174
12.355000 1.4594212
12.380000 1.4583121
12.405000 1.4572008
12.430000 1.4560835
12.455000 1.4549573
12.480000 1.4538247
12.505000 1.4526808
12.530000 1.4515258
12.555000 1.4503623
12.580000 1.4491907
12.605000 1.4480118
12.630000 1.4468235
12.655000 1.4456253
12.680000 1.4444141
12.705000 1.4431985
12.730000 1.4419789
12.755000 1.4407481
12.780000 1.4395109
12.805000 1.4382633
12.830000 1.4370049
12.855000 1.4357354
12.880000 1.4344637
12.905000 1.4331767
12.930000 1.4318851
12.955000 1.4305841
12.980000 1.4292689
13.005000 1.4279457
13.030000 1.4266216
13.055000 1.425285
13.080000 1.4239421
13.105000 1.4225917
13.130000 1.421229
13.155000 1.419858
13.180000 1.4184812
13.205000 1.4170935
13.230000 1.4156963
13.255000 1.4142919
13.280000 1.4128744
13.305000 1.4114461
13.330000 1.4100171
13.355000 1.408576
13.380000 1.4071272
13.405000 1.4056733
13.430000 1.4042066
13.455000 1.4027324
13.480000 1.4012505
13.505000 1.3997564
13.530000 1.3982537
13.555000 1.3967446
13.580000 1.3952198
13.605000 1.3936876
13.630000 1.3921491
13.655000 1.3906
13.680000 1.3890494
13.705000 1.3874894
13.730000 1.3859163
13.755000 1.3843331
13.780000 1.3827428
13.805000 1.3811426
13.830000 1.379535
13.855000 1.377919
13.880000 1.3762845
13.905000 1.3746421
13.930000 1.3729967
13.955000 1.3713443
13.980000 1.3696874
14.005000 1.3680174
14.030000 1.3663334
14.055000 1.3646426
14.080000 1.3629443
14.105000 1.3612373
14.130000 1.3595205
14.155000 1.3577928
14.180000 1.3560481
14.205000 1.3543015
14.230000 1.3525482
14.255000 1.3507863
14.280000 1.3490198
14.305000 1.3472414
14.330000 1.3454498
14.355000 1.3436546
14.380000 1.341845
14.405000 1.3400255
14.430000 1.3382022
14.455000 1.3363694
14.480000 1.3345198
14.505000 1.332662
14.530000 1.330798
14.555000 1.3289304
14.580000 1.3270614
14.605000 1.3251777
14.630000 1.3232786
14.655000 1.32137
14.680000 1.3194533
14.705000 1.3175342
14.730000 1.3156083
14.755000 1.3136618
14.780000 1.3117027
14.805000 1.3097382
14.830000 1.3077722
14.855000 1.3058044
14.880000 1.3038254
14.905000 1.3018279
14.930000 1.2998243
14.955000 1.2978137
14.980000 1.2957951
15.005000 1.2937674
15.030000 1.2917306
15.055000 1.2896777
15.080000 1.28762
15.105000 1.2855538
15.130000 1.2834805
15.155000 1.2814044
15.180000 1.2793186
15.205000 1.2772266
15.230000 1.2751198
15.255000 1.2729998
15.280000 1.2708778
15.305000 1.2687471
15.330000 1.2666092
15.355000 1.2644563
15.380000 1.2622898
15.405000 1.2601219
15.430000 1.2579535
15.455000 1.2557804
15.480000 1.2535903
15.505000 1.2513921
15.530000 1.2491816
15.555000 1.2469677
15.580000 1.2447506
15.605000 1.2425183
15.630000 1.2402711
15.655000 1.2380194
15.680000 1.2357629
15.705000 1.2334984
15.730000 1.231229
15.755000 1.2289524
15.780000 1.226666
15.805000 1.2243778
15.830000 1.222076
15.855000 1.2197638
15.880000 1.217447
15.905000 1.2151201
15.930000 1.212784
15.955000 1.2104352
15.980000 1.2080833
16.005000 1.2057295
16.030000 1.2033719
16.055000 1.2010052
16.080000 1.1986302
16.105000 1.1962416
16.130000 1.1938522
16.155000 1.1914606
16.180000 1.1890541
16.205000 1.1866355
16.230000 1.1842169
16.255000 1.1817895
16.280000 1.1793617
16.305000 1.1769294
16.330000 1.1744897
16.355000 1.172045
16.380000 1.169595
16.405000 1.1671341
16.430000 1.164666
16.455000 1.1621943
16.480000 1.1597136
16.505000 1.1572283
16.530000 1.1547324
16.555000 1.1522319
16.580000 1.1497309
16.605000 1.147231
16.630000 1.1447235
16.655000 1.1422078
16.680000 1.1396881
16.705000 1.1371603
16.730000 1.1346324
16.755000 1.1320953
16.780000 1.1295486
16.805000 1.1269978
16.830000 1.1244435
16.855000 1.1218864
16.880000 1.1193287
16.905000 1.1167726
16.930000 1.1142081
16.955000 1.1116423
16.980000 1.1090646
17.005000 1.1064866
17.030000 1.1039059
17.055000 1.101321
17.080000 1.0987297
17.105000 1.0961338
17.130000 1.0935399
17.155000 1.090952
17.180000 1.0883654
17.205000 1.0857741
17.230000 1.083181
17.255000 1.0805828
17.280000 1.0779913
17.305000 1.0754007
17.330000 1.0728068
17.355000 1.0702132
17.380000 1.0676217
17.405000 1.0650319
17.430000 1.0624467
17.455000 1.0598625
17.480000 1.0572866
17.505000 1.0547156
17.530000 1.0521561
17.555000 1.0496092
17.580000 1.0470704
17.605000 1.0445358
17.630000 1.0419999
17.655000 1.039471
17.680000 1.0369452
17.705000 1.0344435
17.730000 1.0319609
17.755000 1.0295078
17.780000 1.0270813
17.805000 1.0246966
17.830000 1.0223888
17.855000 1.0201101
17.880000 1.0178305
17.905000 1.0155526
17.930000 1.0133203
17.955000 1.0111926
17.980000 1.0091698
18.005000 1.0071641
18.030000 1.0051816
18.055000 1.0032998
18.080000 1.0015955
18.105000 1.0000099
18.130000 1
18.155000 1.0000385
18.180000 1.0000226
18.205000 1
18.230000 1
18.255000 0.99999996
18.280000 0.99999996
18.305000 1
18.330000 1
18.355000 1
18.380000 0.99999999
18.405000 0.99999997
18.430000 0.99999998
18.455000 0.99999997
18.480000 1
18.505000 1
18.530000 0.99999997
18.555000 0.99999997
18.580000 0.99999994
18.605000 0.99999997
18.630000 1
18.655000 1
18.680000 0.99999995
18.705000 1
18.730000 0.99999998
18.755000 1
18.780000 1.0000001
18.805000 0.99999995
18.830000 0.99999998
18.855000 0.99999996
18.880000 1
18.905000 1
18.930000 0.99999997
18.955000 0.99999997
18.980000 0.99999996
19.005000 1
19.030000 1
19.055000 1.0000001
19.080000 1
19.105000 0.99999995
19.130000 1
19.155000 1
19.180000 1
19.205000 0.99999998
19.230000 1.0000001
19.255000 1
19.280000 0.99999995
19.305000 1
19.330000 0.99999998
19.355000 1
19.380000 1
19.405000 1
19.430000 0.99999997
19.455000 1.0000001
19.480000 1
19.505000 1
19.530000 0.99999997
19.555000 1.0000001
19.580000 0.99999999
19.605000 1
19.630000 0.99999999
19.655000 1
19.680000 1
19.705000 1.0000001
19.730000 0.99999994
19.755000 0.99999999
19.780000 1.0000001
19.805000 0.99999997
19.830000 0.99999998
19.855000 0.99999991
19.880000 0.99999994
19.905000 0.99999999
19.930000 0.99999992
19.955000 0.99999994
19.980000 0.99999998
20.005000 0.99999993
20.030000 1
20.055000 1
20.080000 0.99999995
20.105000 0.99999997
20.130000 1
20.155000 0.99999992
20.180000 1.0000001
20.205000 1.0000001
20.230000 0.99999996
20.255000 1
20.280000 0.99999999
20.305000 1
20.330000 0.99999998
20.355000 1.0000001
20.380000 0.99999992
20.405000 1
20.430000 0.99999998
20.455000 0.99999994
20.480000 0.99999999
20.505000 1
20.530000 0.99999998
20.555000 1
20.580000 1
20.605000 1.0000001
20.630000 1
20.655000 1
20.680000 0.99999996
20.705000 1.0000001
20.730000 1
20.755000 0.99999995
20.780000 0.99999995
20.805000 1.0000001
20.830000 0.99999998
20.855000 0.99999997
20.880000 1
20.905000 0.99999999
20.930000 1.0000001
20.955000 0.99999997
20.980000 0.99999994
21.005000 0.99999995
21.030000 0.99999996
21.055000 1
21.080000 1
21.105000 1
21.130000 1
21.155000 1
21.180000 1
21.205000 1
21.230000 0.99999993
21.255000 1
21.280000 0.99999993
21.305000 1
21.330000 0.99999999
21.355000 0.99999994
21.380000 1
21.405000 1.0000001
21.430000 0.99999999
21.455000 0.99999996
21.480000 1
21.505000 1
21.530000 1
21.555000 0.99999998
21.580000 1
21.605000 0.99999999
21.630000 0.99999991
21.655000 0.99999996
21.680000 1
21.705000 0.99999996
21.730000 1
21.755000 1.0000001
21.780000 1
21.805000 0.99999997
21.830000 1
21.855000 0.99999994
21.880000 1
21.905000 0.99999995
21.930000 1
21.955000 1
21.980000 0.99999994
22.005000 0.99999994
22.030000 0.99999997
22.055000 0.99999992
22.080000 0.99999992
22.105000 0.99999998
22.130000 0.99999991
22.155000 1
22.180000 1
22.205000 1
22.230000 0.99999998
22.255000 1.0000001
22.280000 1
22.305000 1.0000001
22.330000 0.99999998
22.355000 1
22.379999 1
22.404999 1.0000001
22.429999 1
22.454999 1
22.479999 0.99999999
22.504999 0.99999995
22.529999 1
22.554999 0.99999999
22.579999 0.99999994
22.604999 1
22.629999 1
22.654999 1
22.679999 1
22.704999 0.99999994
22.729999 1
22.754999 1
22.779999 1
22.804999 0.99999995
22.829999 1.0000001
22.854999 0.99999993
22.879999 1
22.904999 1.0000001
22.929999 1
22.954999 1
22.979999 1
23.004999 0.99999998
23.029999 1.0000001
23.054999 0.99999996
23.079999 0.99999996
23.104999 1
23.129999 0.99999998
23.154999 1
23.179999 1.0000001
23.204999 0.99999995
23.229999 1
23.254999 0.99999994
23.279999 0.99999996
23.304999 0.99999997
23.329999 1
23.354999 0.99999998
23.379999 1
23.404999 1
23.429999 1.0000001
23.454999 0.99999998
23.479999 0.99999997
23.504999 1.0000001
23.529999 1
23.554999 1
23.579999 1
23.604999 1.0000001
23.629999 1
23.654999 0.99999996
23.679999 1
23.704999 0.99999995
23.729999 0.99999992
23.754999 0.99999997
23.779999 0.99999998
23.804999 0.99999999
23.829999 1
23.854999 0.99999997
23.879999 1.0000001
23.904999 0.99999994
23.929999 1
23.954999 0.99999997
23.979999 0.99999992
24.004999 1
24.029999 1
24.054999 1
24.079999 0.99999998
24.104999 0.99999998
24.129999 0.99999999
24.154999 0.99999994
24.179999 1
24.204999 1
24.229999 1
24.254999 1
24.279999 0.99999997
24.304999 0.99999992
24.329999 0.99999994
24.354999 1
24.379999 1
24.404999 1
24.429999 0.99999992
24.454999 0.99999996
24.479999 1
24.504999 1
24.529999 1
24.554999 0.99999996
24.579999 1
24.604999 0.99999991
24.629999 1
24.654999 1
24.679999 0.99999996
24.704999 1.0000001
24.729999 1
24.754999 1.0000001
24.779999 0.99999998
24.804999 0.99999991
24.829999 1
24.854999 0.99999997
24.879999 1
24.904999 0.99999998
24.929999 0.99999992
24.954999 1
24.979999 1
