0.005000 0
0.030000 -0.0023367594
0.055000 -0.0044577422
0.080000 -0.0065149194
0.105000 -0.0085313875
0.130000 -0.010515273
0.155000 -0.012470061
0.180000 -0.01439881
0.205000 -0.016301587
0.230000 -0.018182664
0.255000 -0.020040718
0.280000 -0.021877271
0.305000 -0.023696175
0.330000 -0.02549133
0.355000 -0.027279473
0.380000 -0.029049032
0.405000 -0.030810731
0.430000 -0.03255617
0.455000 -0.034291855
0.480000 -0.036011933
0.505000 -0.037716751
0.530000 -0.039405799
0.555000 -0.041092381
0.580000 -0.042762326
0.605000 -0.044416939
0.630000 -0.046073896
0.655000 -0.047731985
0.680000 -0.049347524
0.705000 -0.050943776
0.730000 -0.052557354
0.755000 -0.054141006
0.780000 -0.05573235
0.805000 -0.057299019
0.830000 -0.058860485
0.855000 -0.060408446
0.880000 -0.061967003
0.905000 -0.063526589
0.930000 -0.065078178
0.955000 -0.06661199
0.980000 -0.068120686
1.005000 -0.069618937
1.030000 -0.071125288
1.055000 -0.07262681
1.080000 -0.07410807
1.105000 -0.075602262
1.130000 -0.077082969
1.155000 -0.078587574
1.180000 -0.08004195
1.205000 -0.081508979
1.230000 -0.082956917
1.255000 -0.084379822
1.280000 -0.085801152
1.305000 -0.087241943
1.330000 -0.088697965
1.355000 -0.090131584
1.380000 -0.091531762
1.405000 -0.092936745
1.430000 -0.094363696
1.455000 -0.095768682
1.480000 -0.0971823
1.505000 -0.098604435
1.530000 -0.099959222
1.555000 -0.10134048
1.580000 -0.10270879
1.605000 -0.10406334
1.630000 -0.10542882
1.655000 -0.10682022
1.680000 -0.10817642
1.705000 -0.10950429
1.730000 -0.11085359
1.755000 -0.11218652
1.780000 -0.11352476
1.805000 -0.11487119
1.830000 -0.11619515
1.855000 -0.11750663
1.880000 -0.11878075
1.905000 -0.12008534
1.930000 -0.12142537
1.955000 -0.12272685
1.980000 -0.12400604
2.005000 -0.12532425
2.030000 -0.12663222
2.055000 -0.12793992
2.080000 -0.12920335
2.105000 -0.13047634
2.130000 -0.13172707
2.155000 -0.13299731
2.180000 -0.13430655
2.205000 -0.13555243
2.230000 -0.13679805
2.255000 -0.13805192
2.280000 -0.13931016
2.305000 -0.14055242
2.330000 -0.14178613
2.355000 -0.14297863
2.380000 -0.1442065
2.405000 -0.14547047
2.430000 -0.14667738
2.455000 -0.14790461
2.480000 -0.14914508
2.505000 -0.15037336
2.530000 -0.15158154
2.555000 -0.15277467
2.580000 -0.15395208
2.605000 -0.15518895
2.630000 -0.156385
2.655000 -0.15756227
2.680000 -0.15876087
2.705000 -0.15995107
2.730000 -0.16112806
2.755000 -0.16228015
2.780000 -0.1634071
2.805000 -0.16461402
2.830000 -0.16576774
2.855000 -0.16693856
2.880000 -0.16812754
2.905000 -0.16928129
2.930000 -0.17043425
2.955000 -0.17154847
2.980000 -0.17270922
3.005000 -0.17387662
3.030000 -0.17500169
3.055000 -0.17615121
3.080000 -0.177277
3.105000 -0.17840222
3.130000 -0.17946622
3.155000 -0.18058266
3.180000 -0.18172608
3.205000 -0.1828228
3.230000 -0.18397514
3.255000 -0.18508341
3.280000 -0.18619034
3.305000 -0.18724294
3.330000 -0.18836813
3.355000 -0.18947786
3.380000 -0.19057001
3.405000 -0.19166869
3.430000 -0.19273883
3.455000 -0.1938022
3.480000 -0.19481576
3.505000 -0.19592051
3.530000 -0.19696826
3.555000 -0.19807224
3.580000 -0.19914361
3.605000 -0.20021147
3.630000 -0.20121591
3.655000 -0.20230539
3.680000 -0.20335724
3.705000 -0.20442187
3.730000 -0.20545834
3.755000 -0.2064888
3.780000 -0.20744879
3.805000 -0.20849767
3.830000 -0.20953045
3.855000 -0.21058378
3.880000 -0.21161791
3.905000 -0.21264682
3.930000 -0.21362297
3.955000 -0.21466223
3.980000 -0.2156817
4.005000 -0.21670512
4.030000 -0.21769264
4.055000 -0.21868762
4.080000 -0.21959754
4.105000 -0.22063003
4.130000 -0.22161651
4.155000 -0.22263818
4.180000 -0.22362506
4.205000 -0.22459794
4.230000 -0.2255709
4.255000 -0.22657582
4.280000 -0.22754862
4.305000 -0.22850717
4.330000 -0.22945965
4.355000 -0.23033789
4.380000 -0.23131796
4.405000 -0.23227809
4.430000 -0.23326393
4.455000 -0.23421272
4.480000 -0.2351456
4.505000 -0.23608626
4.530000 -0.23704528
4.555000 -0.23799486
4.580000 -0.23890662
4.605000 -0.23982192
4.630000 -0.24067809
4.655000 -0.24161917
4.680000 -0.24255314
4.705000 -0.24348443
4.730000 -0.24440307
4.755000 -0.24528569
4.780000 -0.24620493
4.805000 -0.2471242
4.830000 -0.24802483
4.855000 -0.24890204
4.880000 -0.24971272
4.905000 -0.25061862
4.930000 -0.25151848
4.955000 -0.2524348
4.980000 -0.25331748
5.005000 -0.2541681
5.030000 -0.25505678
5.055000 -0.2559429
5.080000 -0.25681154
5.105000 -0.25765047
5.130000 -0.2584318
5.155000 -0.25929294
5.180000 -0.26017544
5.205000 -0.26104352
5.230000 -0.26187813
5.255000 -0.26272307
5.280000 -0.26356934
5.305000 -0.26441973
5.330000 -0.26523315
5.355000 -0.26601655
5.380000 -0.26682373
5.405000 -0.26764894
5.430000 -0.26850914
5.455000 -0.26933041
5.480000 -0.27012656
5.505000 -0.27095163
5.530000 -0.27176696
5.555000 -0.27257939
5.580000 -0.2733406
5.605000 -0.27407891
5.630000 -0.27487978
5.655000 -0.27571321
5.680000 -0.27650292
5.705000 -0.27726762
5.730000 -0.27805977
5.755000 -0.27885808
5.780000 -0.27963601
5.805000 -0.28036373
5.830000 -0.28107146
5.855000 -0.28185111
5.880000 -0.28265343
5.905000 -0.28340968
5.930000 -0.28415188
5.955000 -0.28491431
5.980000 -0.28568086
6.005000 -0.28641663
6.030000 -0.28711832
6.055000 -0.2877877
6.080000 -0.28855426
6.105000 -0.28932829
6.130000 -0.29005512
6.155000 -0.29077602
6.180000 -0.29152186
6.205000 -0.2922501
6.230000 -0.29293042
6.255000 -0.29360831
6.280000 -0.29428077
6.305000 -0.2950324
6.330000 -0.29574747
6.355000 -0.29643226
6.380000 -0.29712678
6.405000 -0.29785261
6.430000 -0.29853632
6.455000 -0.29918269
6.480000 -0.29978693
6.505000 -0.30051304
6.530000 -0.30123054
6.555000 -0.30189679
6.580000 -0.30255962
6.605000 -0.30325662
6.630000 -0.30394727
6.655000 -0.30456696
6.680000 -0.30514721
6.705000 -0.30582172
6.730000 -0.30653089
6.755000 -0.30717542
6.780000 -0.30780072
6.805000 -0.30846657
6.830000 -0.30913644
6.855000 -0.30973253
6.880000 -0.31030881
6.905000 -0.31093113
6.930000 -0.31163333
6.955000 -0.31225015
6.980000 -0.31285072
7.005000 -0.31348633
7.030000 -0.31414374
7.055000 -0.31471638
7.080000 -0.3152631
7.105000 -0.31586841
7.130000 -0.31654561
7.155000 -0.31713583
7.180000 -0.31771942
7.205000 -0.31833081
7.230000 -0.31896183
7.255000 -0.31950875
7.280000 -0.32002441
7.305000 -0.32062116
7.330000 -0.3212606
7.355000 -0.32183481
7.380000 -0.32238986
7.405000 -0.32300359
7.430000 -0.32358059
7.455000 -0.32411254
7.480000 -0.32460587
7.505000 -0.32522079
7.530000 -0.32580168
7.555000 -0.32635394
7.580000 -0.32689043
7.605000 -0.32749878
7.630000 -0.3280163
7.655000 -0.32854063
7.680000 -0.32903146
7.705000 -0.32963577
7.730000 -0.33019691
7.755000 -0.33071749
7.780000 -0.3312515
7.805000 -0.33183612
7.830000 -0.33231432
7.855000 -0.33281669
7.880000 -0.33334784
7.905000 -0.33391776
7.930000 -0.33441655
7.955000 -0.33493006
7.980000 -0.33549949
8.005000 -0.33598409
8.030000 -0.33646624
8.055000 -0.33692997
8.080000 -0.33749057
8.105000 -0.33799337
8.130000 -0.33849406
8.155000 -0.33901384
8.180000 -0.33952382
8.205000 -0.33996208
8.230000 -0.34042887
8.255000 -0.34094374
8.280000 -0.34147215
8.305000 -0.34194049
8.330000 -0.34242491
8.355000 -0.3429428
8.380000 -0.34338045
8.405000 -0.34384612
8.430000 -0.3443172
8.455000 -0.34480769
8.480000 -0.34526567
8.505000 -0.34573669
8.530000 -0.34625609
8.555000 -0.34668424
8.580000 -0.34711545
8.605000 -0.34754731
8.630000 -0.34802869
8.655000 -0.3484776
8.680000 -0.3489441
8.705000 -0.34943148
8.730000 -0.34984437
8.755000 -0.35026447
8.780000 -0.35069395
8.805000 -0.35115373
8.830000 -0.35159768
8.855000 -0.35203208
8.880000 -0.35251208
8.905000 -0.35289868
8.930000 -0.35330328
8.955000 -0.35373611
8.980000 -0.35418567
9.005000 -0.35460338
9.030000 -0.35501955
9.055000 -0.35548838
9.080000 -0.35586465
9.105000 -0.35623965
9.130000 -0.35667927
9.155000 -0.35709105
9.180000 -0.35750968
9.205000 -0.35790223
9.230000 -0.35835962
9.255000 -0.3587215
9.280000 -0.35908671
9.305000 -0.3595134
9.330000 -0.359907
9.355000 -0.36029749
9.380000 -0.36068399
9.405000 -0.36112955
9.430000 -0.36147082
9.455000 -0.36182575
9.480000 -0.36224551
9.505000 -0.36262534
9.530000 -0.36300053
9.555000 -0.36338082
9.580000 -0.36380754
9.605000 -0.3641337
9.630000 -0.36448831
9.655000 -0.36489353
9.680000 -0.36526461
9.705000 -0.36562082
9.730000 -0.36600219
9.755000 -0.36640089
9.780000 -0.36673863
9.805000 -0.36707927
9.830000 -0.36745241
9.855000 -0.36784111
9.880000 -0.3681793
9.905000 -0.3685499
9.930000 -0.36891456
9.955000 -0.36926115
9.980000 -0.36961032
10.005000 -0.36993481
10.030000 -0.37033757
10.055000 -0.37064899
10.080000 -0.37103598
10.105000 -0.37138675
10.130000 -0.37172048
10.155000 -0.3720672
10.180000 -0.37238205
10.205000 -0.37276258
10.230000 -0.37307922
10.255000 -0.37345928
10.280000 -0.37377919
10.305000 -0.37407755
10.330000 -0.37443485
10.355000 -0.37475775
10.380000 -0.37510368
10.405000 -0.37543085
10.430000 -0.37577249
10.455000 -0.37609084
10.480000 -0.37639229
10.505000 -0.37671792
10.530000 -0.37705764
10.555000 -0.37735906
10.580000 -0.37770763
10.605000 -0.37802837
10.630000 -0.37835019
10.655000 -0.37863994
10.680000 -0.37894146
10.705000 -0.37928914
10.730000 -0.37957167
10.755000 -0.37990876
10.780000 -0.38020251
10.805000 -0.38050576
10.830000 -0.38081911
10.855000 -0.38112081
10.880000 -0.38145085
10.905000 -0.38173898
10.930000 -0.38205953
10.955000 -0.38234987
10.980000 -0.38262244
11.005000 -0.38291454
11.030000 -0.38322251
11.055000 -0.38351193
11.080000 -0.38382854
11.105000 -0.38411463
11.130000 -0.3844155
11.155000 -0.38467962
11.180000 -0.3849852
11.205000 -0.38530288
11.230000 -0.38555204
11.255000 -0.38587499
11.280000 -0.3861533
11.305000 -0.38640621
11.330000 -0.38666902
11.355000 -0.3869606
11.380000 -0.38725867
11.405000 -0.38751648
11.430000 -0.38778555
11.455000 -0.38810992
11.480000 -0.38833744
11.505000 -0.3886114
11.530000 -0.38893184
11.555000 -0.38917697
11.580000 -0.38947119
11.605000 -0.38974794
11.630000 -0.38998958
11.655000 -0.39024188
11.680000 -0.39052637
11.705000 -0.39080105
11.730000 -0.39105122
11.755000 -0.39130172
11.780000 -0.39160112
11.805000 -0.39182483
11.830000 -0.39208481
11.855000 -0.39238176
11.880000 -0.39261873
11.905000 -0.39289266
11.930000 -0.39317083
11.955000 -0.39339737
11.980000 -0.39365033
12.005000 -0.39392922
12.030000 -0.39419673
12.055000 -0.3944589
12.080000 -0.39469327
12.105000 -0.39495787
12.130000 -0.39520396
12.155000 -0.39544087
12.180000 -0.39572247
12.205000 -0.39594938
12.230000 -0.39619268
12.255000 -0.39649776
12.280000 -0.39670611
12.305000 -0.39694395
12.330000 -0.39723841
12.355000 -0.39745515
12.380000 -0.39772763
12.405000 -0.39798698
12.430000 -0.39820642
12.455000 -0.39843531
12.480000 -0.3987213
12.505000 -0.39894118
12.530000 -0.39920918
12.555000 -0.39943249
12.580000 -0.39967445
12.605000 -0.39990321
12.630000 -0.40013332
12.655000 -0.40038662
12.680000 -0.40063804
12.705000 -0.4008427
12.730000 -0.40110003
12.755000 -0.40132572
12.780000 -0.40153173
12.805000 -0.40178858
12.830000 -0.40201647
12.855000 -0.40224448
12.880000 -0.40248613
12.905000 -0.40270507
12.930000 -0.40292757
12.955000 -0.40319054
12.980000 -0.40339389
13.005000 -0.40364045
13.030000 -0.40389369
13.055000 -0.40407475
13.080000 -0.40430132
13.105000 -0.40458204
13.130000 -0.40476124
13.155000 -0.40503558
13.180000 -0.40527739
13.205000 -0.40544367
13.230000 -0.40566955
13.255000 -0.40595104
13.280000 -0.40614359
13.305000 -0.40640531
13.330000 -0.40663571
13.355000 -0.4068451
13.380000 -0.40704785
13.405000 -0.40730378
13.430000 -0.40750412
13.455000 -0.40775014
13.480000 -0.40799453
13.505000 -0.40819276
13.530000 -0.40839792
13.555000 -0.40864996
13.580000 -0.40883019
13.605000 -0.40907663
13.630000 -0.40931631
13.655000 -0.40952621
13.680000 -0.40973611
13.705000 -0.40998864
13.730000 -0.41016666
13.755000 -0.41040216
13.780000 -0.41063538
13.805000 -0.41082866
13.830000 -0.41105629
13.855000 -0.41129231
13.880000 -0.41146519
13.905000 -0.41172203
13.930000 -0.41195029
13.955000 -0.41213114
13.980000 -0.4123617
14.005000 -0.41259418
14.030000 -0.41276787
14.055000 -0.41301008
14.080000 -0.41324412
14.105000 -0.41343749
14.130000 -0.41363823
14.155000 -0.4138783
14.180000 -0.41406128
14.205000 -0.41427808
14.230000 -0.41452503
14.255000 -0.41471627
14.280000 -0.41489922
14.305000 -0.41516548
14.330000 -0.41533574
14.355000 -0.41553403
14.380000 -0.41579871
14.405000 -0.41597993
14.430000 -0.41615315
14.455000 -0.41642024
14.480000 -0.4165836
14.505000 -0.41680181
14.530000 -0.41705155
14.555000 -0.4172411
14.580000 -0.41743471
14.605000 -0.41766823
14.630000 -0.41785063
14.655000 -0.41807596
14.680000 -0.41830346
14.705000 -0.41850672
14.730000 -0.41868534
14.755000 -0.4189339
14.780000 -0.4191048
14.805000 -0.41933158
14.830000 -0.41956809
14.855000 -0.41977782
14.880000 -0.41996925
14.905000 -0.42022196
14.930000 -0.42039692
14.955000 -0.42063107
14.980000 -0.42085536
15.005000 -0.42105202
15.030000 -0.42124702
15.055000 -0.42148567
15.080000 -0.42167481
15.105000 -0.4219018
15.130000 -0.42215447
15.155000 -0.42233804
15.180000 -0.42254848
15.205000 -0.42277706
15.230000 -0.42296645
15.255000 -0.4232041
15.280000 -0.42343352
15.305000 -0.42361671
15.330000 -0.42383623
15.355000 -0.42405819
15.380000 -0.42423368
15.405000 -0.42448898
15.430000 -0.42470423
15.455000 -0.4248702
15.480000 -0.42510372
15.505000 -0.42531997
15.530000 -0.42550685
15.555000 -0.42575243
15.580000 -0.42596995
15.605000 -0.42612313
15.630000 -0.42638727
15.655000 -0.42657693
15.680000 -0.42677796
15.705000 -0.42703262
15.730000 -0.42723479
15.755000 -0.42740036
15.780000 -0.42767019
15.805000 -0.42785752
15.830000 -0.42808414
15.855000 -0.42832149
15.880000 -0.42853647
15.905000 -0.42870119
15.930000 -0.42897884
15.955000 -0.4291688
15.980000 -0.42941916
16.005000 -0.42965521
16.030000 -0.42985225
16.055000 -0.43006436
16.080000 -0.43028907
16.105000 -0.43051311
16.130000 -0.43078277
16.155000 -0.4309842
16.180000 -0.43119996
16.205000 -0.43143816
16.230000 -0.43164653
16.255000 -0.43188435
16.280000 -0.43213622
16.305000 -0.43233679
16.330000 -0.43256052
16.355000 -0.43281229
16.380000 -0.43300103
16.405000 -0.43328822
16.430000 -0.43350875
16.455000 -0.43371445
16.480000 -0.43395938
16.505000 -0.43423984
16.530000 -0.43439751
16.555000 -0.43470807
16.580000 -0.43496744
16.605000 -0.435153
16.630000 -0.43541773
16.655000 -0.43570751
16.680000 -0.43588235
16.705000 -0.43618093
16.730000 -0.43645651
16.755000 -0.43664496
16.780000 -0.43690377
16.805000 -0.43716494
16.830000 -0.43742663
16.855000 -0.43765928
16.880000 -0.43792528
16.905000 -0.43817125
16.930000 -0.43846635
16.955000 -0.43866548
16.980000 -0.43900519
17.005000 -0.4392489
17.030000 -0.43944824
17.055000 -0.43972525
17.080000 -0.44002108
17.105000 -0.44022189
17.130000 -0.44054562
17.155000 -0.44081032
17.180000 -0.44106073
17.205000 -0.44131857
17.230000 -0.44160923
17.255000 -0.44187692
17.280000 -0.44219962
17.305000 -0.44245892
17.330000 -0.44273897
17.355000 -0.44304148
17.380000 -0.44329632
17.405000 -0.44364161
17.430000 -0.44393218
17.455000 -0.44422816
17.480000 -0.44450439
17.505000 -0.44485896
17.530000 -0.44513615
17.555000 -0.44545534
17.580000 -0.44580511
17.605000 -0.44609364
17.630000 -0.44641912
17.655000 -0.4467828
17.680000 -0.44709719
17.705000 -0.44745202
17.730000 -0.44783689
17.755000 -0.44813841
17.780000 -0.44857574
17.805000 -0.44892516
17.830000 -0.44925922
17.855000 -0.44975618
17.880000 -0.45016575
17.905000 -0.45052865
17.930000 -0.45096099
17.955000 -0.451417
17.980000 -0.4518808
18.005000 -0.45237196
18.030000 -0.45277509
18.055000 -0.45325404
18.080000 -0.4539654
18.105000 -0.45440279
18.130000 -0.45503207
18.155000 -0.45552004
18.180000 -0.45623282
18.205000 -0.45716585
18.230000 -0.45786154
18.255000 -0.45859528
18.280000 -0.45920093
18.305000 -0.46056662
18.330000 -0.46162602
18.355000 -0.46310753
18.380000 -0.46407645
18.405000 -0.5098901
18.430000 -0.51121567
18.455000 -0.51060476
18.480000 -0.50969915
18.505000 -0.51115966
18.530000 -0.51146961
18.555000 -0.51174584
18.580000 -0.51201998
18.605000 -0.51228566
18.630000 -0.51254541
18.655000 -0.51282602
18.680000 -0.51310152
18.705000 -0.5133513
18.730000 -0.51360759
18.755000 -0.51384228
18.780000 -0.51410064
18.805000 -0.51432478
18.830000 -0.51456523
18.855000 -0.514821
18.880000 -0.51505065
18.905000 -0.51529784
18.930000 -0.51549522
18.955000 -0.51573357
18.980000 -0.51596393
19.005000 -0.51619646
19.030000 -0.51642499
19.055000 -0.51661507
19.080000 -0.51684861
19.105000 -0.51704589
19.130000 -0.51728997
19.155000 -0.51746652
19.180000 -0.51765387
19.205000 -0.51789022
19.230000 -0.51806203
19.255000 -0.51829448
19.280000 -0.51844386
19.305000 -0.51862014
19.330000 -0.51881945
19.355000 -0.51903664
19.380000 -0.51920199
19.405000 -0.51937004
19.430000 -0.51955467
19.455000 -0.51972899
19.480000 -0.51997045
19.505000 -0.52011287
19.530000 -0.52027821
19.555000 -0.52045764
19.580000 -0.52063773
19.605000 -0.52085191
19.630000 -0.52097499
19.655000 -0.5211095
19.680000 -0.52132675
19.705000 -0.52147898
19.730000 -0.52168978
19.755000 -0.52180476
19.780000 -0.52192514
19.805000 -0.52213442
19.830000 -0.52228395
19.855000 -0.52250821
19.880000 -0.52260335
19.905000 -0.52274642
19.930000 -0.52294879
19.955000 -0.52310108
19.980000 -0.52329401
20.005000 -0.52335965
20.030000 -0.52357186
20.055000 -0.5237269
20.080000 -0.52390717
20.105000 -0.52405363
20.130000 -0.52413453
20.155000 -0.52434868
20.180000 -0.5244952
20.205000 -0.52468951
20.230000 -0.52481024
20.255000 -0.52493627
20.280000 -0.52513719
20.305000 -0.52527949
20.330000 -0.52548816
20.355000 -0.52556686
20.380000 -0.52574621
20.405000 -0.5259192
20.430000 -0.52610613
20.455000 -0.52629921
20.480000 -0.52632155
20.505000 -0.52655774
20.530000 -0.52669031
20.555000 -0.52689107
20.580000 -0.52703579
20.605000 -0.52708463
20.630000 -0.52731945
20.655000 -0.52743273
20.680000 -0.52764123
20.705000 -0.52776017
20.730000 -0.52785145
20.755000 -0.52807827
20.780000 -0.52821774
20.805000 -0.52841863
20.830000 -0.52851401
20.855000 -0.52865142
20.880000 -0.5288484
20.905000 -0.52901219
20.930000 -0.52918891
20.955000 -0.52925623
20.980000 -0.52945119
21.005000 -0.52962291
21.030000 -0.52979583
21.055000 -0.52992971
21.080000 -0.53001678
21.105000 -0.53023228
21.130000 -0.53039285
21.155000 -0.5305907
21.180000 -0.5306859
21.205000 -0.53084919
21.230000 -0.53103732
21.255000 -0.53121455
21.280000 -0.53139874
21.305000 -0.53150106
21.330000 -0.53168276
21.355000 -0.53183423
21.380000 -0.53204019
21.405000 -0.53215182
21.430000 -0.53230075
21.455000 -0.53246038
21.480000 -0.53261304
21.505000 -0.53281694
21.530000 -0.53292403
21.555000 -0.53307003
21.580000 -0.53324929
21.605000 -0.53340836
21.630000 -0.53358114
21.655000 -0.53370144
21.680000 -0.53384041
21.705000 -0.53403479
21.730000 -0.53419774
21.755000 -0.53435456
21.780000 -0.53447916
21.805000 -0.53464195
21.830000 -0.53482515
21.855000 -0.53497623
21.880000 -0.53513787
21.905000 -0.53524383
21.930000 -0.53541065
21.955000 -0.53559089
21.980000 -0.53574967
22.005000 -0.53591129
22.030000 -0.53603616
22.055000 -0.53619735
22.080000 -0.5363654
22.105000 -0.53650659
22.130000 -0.5366831
22.155000 -0.53680193
22.180000 -0.5369703
22.205000 -0.53712068
22.230000 -0.53725778
22.255000 -0.53739011
22.280000 -0.53754255
22.305000 -0.53769434
22.330000 -0.53787786
22.355000 -0.53802358
22.379999 -0.53814704
22.404999 -0.53833183
22.429999 -0.53846448
22.454999 -0.53864429
22.479999 -0.53874841
22.504999 -0.53890068
22.529999 -0.53903597
22.554999 -0.5392043
22.579999 -0.539358
22.604999 -0.53945248
22.629999 -0.53964706
22.654999 -0.53972468
22.679999 -0.53990722
22.704999 -0.54002639
22.729999 -0.54017371
22.754999 -0.5403156
22.779999 -0.54046993
22.804999 -0.54061892
22.829999 -0.54072301
22.854999 -0.54090562
22.879999 -0.54102891
22.904999 -0.54119483
22.929999 -0.54130535
22.954999 -0.54142431
22.979999 -0.54159369
23.004999 -0.54168692
23.029999 -0.54186982
23.054999 -0.5419743
23.079999 -0.54212534
23.104999 -0.54223629
23.129999 -0.54239311
23.154999 -0.5425219
23.179999 -0.54263238
23.204999 -0.54279658
23.229999 -0.54292784
23.254999 -0.54306935
23.279999 -0.54317062
23.304999 -0.54331068
23.329999 -0.54341971
23.354999 -0.54358213
23.379999 -0.54368895
23.404999 -0.54381152
23.429999 -0.54397621
23.454999 -0.54407865
23.479999 -0.54423403
23.504999 -0.54434445
23.529999 -0.54449251
23.554999 -0.54460933
23.579999 -0.54479112
23.604999 -0.5449079
23.629999 -0.54497672
23.654999 -0.54513199
23.679999 -0.54520329
23.704999 -0.54535065
23.729999 -0.54543973
23.754999 -0.54554863
23.779999 -0.54568227
23.804999 -0.54580731
23.829999 -0.5459233
23.854999 -0.54602798
23.879999 -0.54614819
23.904999 -0.54624789
23.929999 -0.54638517
23.954999 -0.54648312
23.979999 -0.54655992
24.004999 -0.54670597
24.029999 -0.54680446
24.054999 -0.54693181
24.079999 -0.54702833
24.104999 -0.54712103
24.129999 -0.54725314
24.154999 -0.54736257
24.179999 -0.54750059
24.204999 -0.54758802
24.229999 -0.54772834
24.254999 -0.54781496
24.279999 -0.54793848
24.304999 -0.54803322
24.329999 -0.5480895
24.354999 -0.54822364
24.379999 -0.54828719
24.404999 -0.54841725
24.429999 -0.54847376
24.454999 -0.54858267
24.479999 -0.54868797
24.504999 -0.54880286
24.529999 -0.54891559
24.554999 -0.54897935
24.579999 -0.54909487
24.604999 -0.54916039
24.629999 -0.54927743
24.654999 -0.54935239
24.679999 -0.54943329
24.704999 -0.54955254
24.729999 -0.54961708
24.754999 -0.54973007
24.779999 -0.5497748
24.804999 -0.54987177
24.829999 -0.54997387
24.854999 -0.55009985
24.879999 -0.55017692
24.904999 -0.55025605
24.929999 -0.55035312
24.954999 -0.55043049
24.979999 -0.55051956
