0.005000 0
0.030000 -0.0023547659
0.055000 -0.0044974022
0.080000 -0.0065916785
0.105000 -0.0086525585
0.130000 -0.0106871
0.155000 -0.01269332
0.180000 -0.01467158
0.205000 -0.016615664
0.230000 -0.01854517
0.255000 -0.020453336
0.280000 -0.022302145
0.305000 -0.024183614
0.330000 -0.026039523
0.355000 -0.027883528
0.380000 -0.029710971
0.405000 -0.031527794
0.430000 -0.033329096
0.455000 -0.035116228
0.480000 -0.036880585
0.505000 -0.038622636
0.530000 -0.040365563
0.555000 -0.042105229
0.580000 -0.043839876
0.605000 -0.045532578
0.630000 -0.04724152
0.655000 -0.048867966
0.680000 -0.05054718
0.705000 -0.052217382
0.730000 -0.053866791
0.755000 -0.0554968
0.780000 -0.057129408
0.805000 -0.058680658
0.830000 -0.060326176
0.855000 -0.061922749
0.880000 -0.063535231
0.905000 -0.065127853
0.930000 -0.066709435
0.955000 -0.068241007
0.980000 -0.069797258
1.005000 -0.071306615
1.030000 -0.072849401
1.055000 -0.07438711
1.080000 -0.075894024
1.105000 -0.0774293
1.130000 -0.078959846
1.155000 -0.080474817
1.180000 -0.081989147
1.205000 -0.083472091
1.230000 -0.084986881
1.255000 -0.086466618
1.280000 -0.087892617
1.305000 -0.089382056
1.330000 -0.090822073
1.355000 -0.092224602
1.380000 -0.093665466
1.405000 -0.095117646
1.430000 -0.096554149
1.455000 -0.09801149
1.480000 -0.09940337
1.505000 -0.10079212
1.530000 -0.10214537
1.555000 -0.10355962
1.580000 -0.10491925
1.605000 -0.10630787
1.630000 -0.10770924
1.655000 -0.10902739
1.680000 -0.11038184
1.705000 -0.11173392
1.730000 -0.11309047
1.755000 -0.11446351
1.780000 -0.11584417
1.805000 -0.11719276
1.830000 -0.11847709
1.855000 -0.11982913
1.880000 -0.12113443
1.905000 -0.12252494
1.930000 -0.12377523
1.955000 -0.12511223
1.980000 -0.12644302
2.005000 -0.12775245
2.030000 -0.12901177
2.055000 -0.13035009
2.080000 -0.13159415
2.105000 -0.13277997
2.130000 -0.13411106
2.155000 -0.13539339
2.180000 -0.13665328
2.205000 -0.13789674
2.230000 -0.13913498
2.255000 -0.14047018
2.280000 -0.14176013
2.305000 -0.14298046
2.330000 -0.14422995
2.355000 -0.14542351
2.380000 -0.14666878
2.405000 -0.14787545
2.430000 -0.14912875
2.455000 -0.15037354
2.480000 -0.15158588
2.505000 -0.15277434
2.530000 -0.15391228
2.555000 -0.15509325
2.580000 -0.15622707
2.605000 -0.15745071
2.630000 -0.1586213
2.655000 -0.15979935
2.680000 -0.16101299
2.705000 -0.16220493
2.730000 -0.16333704
2.755000 -0.16448005
2.780000 -0.16570748
2.805000 -0.16678922
2.830000 -0.16800671
2.855000 -0.16910723
2.880000 -0.17030137
2.905000 -0.17139055
2.930000 -0.17244573
2.955000 -0.17361592
2.980000 -0.17475383
3.005000 -0.17587342
3.030000 -0.17697773
3.055000 -0.1782065
3.080000 -0.1793213
3.105000 -0.18042563
3.130000 -0.18150916
3.155000 -0.18257741
3.180000 -0.18372818
3.205000 -0.18479155
3.230000 -0.18589977
3.255000 -0.18696382
3.280000 -0.18796162
3.305000 -0.18896251
3.330000 -0.19004804
3.355000 -0.19114196
3.380000 -0.19220245
3.405000 -0.19334062
3.430000 -0.19435698
3.455000 -0.19540524
3.480000 -0.19643649
3.505000 -0.19752769
3.530000 -0.19851121
3.555000 -0.19963984
3.580000 -0.20066472
3.605000 -0.20155765
3.630000 -0.20262313
3.655000 -0.20364305
3.680000 -0.20464204
3.705000 -0.20580464
3.730000 -0.20684898
3.755000 -0.20786202
3.780000 -0.20883743
3.805000 -0.20985665
3.830000 -0.21081363
3.855000 -0.21185851
3.880000 -0.21281506
3.905000 -0.21372743
3.930000 -0.21466344
3.955000 -0.21557375
3.980000 -0.21663825
4.005000 -0.21762177
4.030000 -0.21856558
4.055000 -0.21958681
4.080000 -0.22050141
4.105000 -0.22154035
4.130000 -0.22243207
4.155000 -0.22344607
4.180000 -0.22437071
4.205000 -0.22521066
4.230000 -0.22621639
4.255000 -0.2270959
4.280000 -0.22818931
4.305000 -0.22917379
4.330000 -0.2301316
4.355000 -0.23095798
4.380000 -0.23195199
4.405000 -0.23278773
4.430000 -0.23376017
4.455000 -0.23461956
4.480000 -0.23547363
4.505000 -0.23625611
4.530000 -0.23727293
4.555000 -0.2381865
4.580000 -0.23906431
4.605000 -0.24000202
4.630000 -0.24086703
4.655000 -0.24172676
4.680000 -0.24269699
4.705000 -0.24354741
4.730000 -0.24433467
4.755000 -0.24524946
4.780000 -0.2460599
4.805000 -0.24708658
4.830000 -0.24799895
4.855000 -0.24891424
4.880000 -0.24970413
4.905000 -0.25057978
4.930000 -0.25141871
4.955000 -0.25225072
4.980000 -0.25299268
5.005000 -0.25385129
5.030000 -0.25461545
5.055000 -0.25553734
5.080000 -0.25634739
5.105000 -0.25728478
5.130000 -0.25804021
5.155000 -0.25885493
5.180000 -0.25977008
5.205000 -0.26052924
5.230000 -0.26132319
5.255000 -0.26209666
5.280000 -0.26294325
5.305000 -0.26391995
5.330000 -0.26474041
5.355000 -0.2655242
5.380000 -0.26637621
5.405000 -0.26708579
5.430000 -0.2679481
5.455000 -0.26860676
5.480000 -0.26951456
5.505000 -0.2701338
5.530000 -0.27100945
5.555000 -0.27180496
5.580000 -0.27263695
5.605000 -0.27339772
5.630000 -0.27414309
5.655000 -0.27499663
5.680000 -0.2756488
5.705000 -0.27654643
5.730000 -0.27714418
5.755000 -0.27813076
5.780000 -0.27894714
5.805000 -0.27974848
5.830000 -0.28048219
5.855000 -0.2811457
5.880000 -0.28197938
5.905000 -0.28261896
5.930000 -0.28349198
5.955000 -0.28410889
5.980000 -0.28488985
6.005000 -0.28566591
6.030000 -0.28642727
6.055000 -0.2871104
6.080000 -0.28789315
6.105000 -0.28865341
6.130000 -0.28931511
6.155000 -0.29018859
6.180000 -0.2908417
6.205000 -0.29175601
6.230000 -0.29248593
6.255000 -0.29316875
6.280000 -0.29390971
6.305000 -0.29462334
6.330000 -0.29529988
6.355000 -0.29609752
6.380000 -0.29671464
6.405000 -0.29753065
6.430000 -0.29819399
6.455000 -0.29898492
6.480000 -0.29960867
6.505000 -0.30033715
6.530000 -0.30102575
6.555000 -0.30172614
6.580000 -0.30253798
6.605000 -0.30330992
6.630000 -0.30401551
6.655000 -0.30479432
6.680000 -0.30543855
6.705000 -0.30608305
6.730000 -0.3068371
6.755000 -0.30751108
6.780000 -0.30821312
6.805000 -0.30894277
6.830000 -0.30974186
6.855000 -0.31029489
6.880000 -0.31089713
6.905000 -0.31164502
6.930000 -0.3124291
6.955000 -0.31303501
6.980000 -0.31385256
7.005000 -0.31453598
7.030000 -0.31542956
7.055000 -0.31611979
7.080000 -0.31666415
7.105000 -0.31732088
7.130000 -0.31806258
7.155000 -0.31871977
7.180000 -0.31939268
7.205000 -0.32012657
7.230000 -0.3209109
7.255000 -0.32157754
7.280000 -0.32210524
7.305000 -0.32287873
7.330000 -0.32353225
7.355000 -0.32420442
7.380000 -0.32493167
7.405000 -0.3257257
7.430000 -0.32647327
7.455000 -0.32721028
7.480000 -0.32781456
7.505000 -0.32848341
7.530000 -0.3290825
7.555000 -0.32980794
7.580000 -0.33040033
7.605000 -0.33120514
7.630000 -0.33182279
7.655000 -0.3323729
7.680000 -0.33311652
7.705000 -0.33377333
7.730000 -0.33442059
7.755000 -0.33511289
7.780000 -0.33585536
7.805000 -0.33663049
7.830000 -0.33726015
7.855000 -0.33789635
7.880000 -0.33848961
7.905000 -0.33915411
7.930000 -0.33984844
7.955000 -0.34043858
7.980000 -0.34121806
8.005000 -0.34179388
8.030000 -0.34225808
8.055000 -0.34303766
8.080000 -0.34367249
8.105000 -0.34433625
8.130000 -0.34500268
8.155000 -0.34581129
8.180000 -0.34649147
8.205000 -0.34706455
8.230000 -0.34770246
8.255000 -0.34825338
8.280000 -0.34900288
8.305000 -0.34955482
8.330000 -0.35029839
8.355000 -0.3509721
8.380000 -0.35152389
8.405000 -0.3521947
8.430000 -0.35281415
8.455000 -0.35352217
8.480000 -0.35409994
8.505000 -0.35484522
8.530000 -0.35558709
8.555000 -0.35620076
8.580000 -0.356802
8.605000 -0.35732785
8.630000 -0.3580905
8.655000 -0.35862353
8.680000 -0.35934343
8.705000 -0.36007095
8.730000 -0.36054672
8.755000 -0.36121321
8.780000 -0.36181426
8.805000 -0.36255119
8.830000 -0.36305437
8.855000 -0.36389378
8.880000 -0.36458516
8.905000 -0.36518304
8.930000 -0.36577599
8.955000 -0.36634322
8.980000 -0.36707031
9.005000 -0.36756613
9.030000 -0.36835244
9.055000 -0.36899255
9.080000 -0.36951026
9.105000 -0.37015168
9.130000 -0.37077807
9.155000 -0.37143718
9.180000 -0.3720957
9.205000 -0.37288881
9.230000 -0.37349361
9.255000 -0.37408894
9.280000 -0.37455359
9.305000 -0.37530079
9.330000 -0.37589668
9.355000 -0.37658084
9.380000 -0.37733755
9.405000 -0.37778408
9.430000 -0.37843384
9.455000 -0.37898684
9.480000 -0.37977594
9.505000 -0.38031672
9.530000 -0.38112566
9.555000 -0.38178653
9.580000 -0.38237069
9.605000 -0.38279594
9.630000 -0.38351361
9.655000 -0.38412929
9.680000 -0.3848281
9.705000 -0.38555666
9.730000 -0.38599103
9.755000 -0.38664054
9.780000 -0.38717211
9.805000 -0.38802985
9.830000 -0.38852295
9.855000 -0.38932882
9.880000 -0.38997875
9.905000 -0.39060771
9.930000 -0.39104245
9.955000 -0.3917651
9.980000 -0.39230148
10.005000 -0.39308858
10.030000 -0.39374301
10.055000 -0.3941813
10.080000 -0.39476503
10.105000 -0.39541338
10.130000 -0.39615544
10.155000 -0.39674423
10.180000 -0.39750097
10.205000 -0.39809485
10.230000 -0.39859559
10.255000 -0.39915159
10.280000 -0.39991357
10.305000 -0.40044011
10.330000 -0.40122593
10.355000 -0.40171098
10.380000 -0.40227544
10.405000 -0.4028065
10.430000 -0.40364303
10.455000 -0.40412056
10.480000 -0.40493074
10.505000 -0.40558216
10.530000 -0.40607961
10.555000 -0.4066005
10.580000 -0.40733171
10.605000 -0.40790198
10.630000 -0.40867214
10.655000 -0.40920731
10.680000 -0.40962569
10.705000 -0.41029413
10.730000 -0.4109771
10.755000 -0.41159024
10.780000 -0.41230346
10.805000 -0.4129781
10.830000 -0.41344941
10.855000 -0.41404196
10.880000 -0.41470788
10.905000 -0.41535555
10.930000 -0.41602074
10.955000 -0.41657419
10.980000 -0.4169428
11.005000 -0.41770512
11.030000 -0.41832534
11.055000 -0.41899673
11.080000 -0.41963163
11.105000 -0.42032432
11.130000 -0.42077292
11.155000 -0.4214197
11.180000 -0.422041
11.205000 -0.42263371
11.230000 -0.42336947
11.255000 -0.42388622
11.280000 -0.42427185
11.305000 -0.42497428
11.330000 -0.42559906
11.355000 -0.42625624
11.380000 -0.4269426
11.405000 -0.42757911
11.430000 -0.42807639
11.455000 -0.42859606
11.480000 -0.42929507
11.505000 -0.42990502
11.530000 -0.43055507
11.555000 -0.43113705
11.580000 -0.43164881
11.605000 -0.43219747
11.630000 -0.43287114
11.655000 -0.4334918
11.680000 -0.43416284
11.705000 -0.43473913
11.730000 -0.43541898
11.755000 -0.43581845
11.780000 -0.43652579
11.805000 -0.43715771
11.830000 -0.43769798
11.855000 -0.43823049
11.880000 -0.43896525
11.905000 -0.43939967
11.930000 -0.44012478
11.955000 -0.44067987
11.980000 -0.44133628
12.005000 -0.44193811
12.030000 -0.44243375
12.055000 -0.44309682
12.080000 -0.44371388
12.105000 -0.4442496
12.130000 -0.44492581
12.155000 -0.44557739
12.180000 -0.44598684
12.205000 -0.4466821
12.230000 -0.44722059
12.255000 -0.44788116
12.280000 -0.44850469
12.305000 -0.4491362
12.330000 -0.44961579
12.355000 -0.45029183
12.380000 -0.45077566
12.405000 -0.4515297
12.430000 -0.45211945
12.455000 -0.45267077
12.480000 -0.45322054
12.505000 -0.45376488
12.530000 -0.4544129
12.555000 -0.45507981
12.580000 -0.45569958
12.605000 -0.4561761
12.630000 -0.45683735
12.655000 -0.45734849
12.680000 -0.45807015
12.705000 -0.4586597
12.730000 -0.45922022
12.755000 -0.45978757
12.780000 -0.46033888
12.805000 -0.46099633
12.830000 -0.46163928
12.855000 -0.46220789
12.880000 -0.46274581
12.905000 -0.46330357
12.930000 -0.46397708
12.955000 -0.46469563
12.980000 -0.46535938
13.005000 -0.46585583
13.030000 -0.46641663
13.055000 -0.46694629
13.080000 -0.46774401
13.105000 -0.46837898
13.130000 -0.46884909
13.155000 -0.4693637
13.180000 -0.46993445
13.205000 -0.47065323
13.230000 -0.47131011
13.255000 -0.47192317
13.280000 -0.47244141
13.305000 -0.4729925
13.330000 -0.47362563
13.355000 -0.47435768
13.380000 -0.47494687
13.405000 -0.47547785
13.430000 -0.47586958
13.455000 -0.47655601
13.480000 -0.47728052
13.505000 -0.47789788
13.530000 -0.47846277
13.555000 -0.47894479
13.580000 -0.47946371
13.605000 -0.48024163
13.630000 -0.48089591
13.655000 -0.48135117
13.680000 -0.48183795
13.705000 -0.48243488
13.730000 -0.4831291
13.755000 -0.48380044
13.780000 -0.48432587
13.805000 -0.48489724
13.830000 -0.4852998
13.855000 -0.48604216
13.880000 -0.48680053
13.905000 -0.48727917
13.930000 -0.48781467
13.955000 -0.48820194
13.980000 -0.48898024
14.005000 -0.48967919
14.030000 -0.49019302
14.055000 -0.49081106
14.080000 -0.4911339
14.105000 -0.49185623
14.130000 -0.49264572
14.155000 -0.49317522
14.180000 -0.4936564
14.205000 -0.4940324
14.230000 -0.49485449
14.255000 -0.49551989
14.280000 -0.49604314
14.305000 -0.4966783
14.330000 -0.49697667
14.355000 -0.49768464
14.380000 -0.49843565
14.405000 -0.49894225
14.430000 -0.49950849
14.455000 -0.49986143
14.480000 -0.50069066
14.505000 -0.50135405
14.530000 -0.50181696
14.555000 -0.50250347
14.580000 -0.50282094
14.605000 -0.50352514
14.630000 -0.5042479
14.655000 -0.50475299
14.680000 -0.50532232
14.705000 -0.50568065
14.730000 -0.50652104
14.755000 -0.50720091
14.780000 -0.50760872
14.805000 -0.50828078
14.830000 -0.5086588
14.855000 -0.50936435
14.880000 -0.51011227
14.905000 -0.51057021
14.930000 -0.51100929
14.955000 -0.51149416
14.980000 -0.51227561
15.005000 -0.51297182
15.030000 -0.51343275
15.055000 -0.51394267
15.080000 -0.51444093
15.105000 -0.5150854
15.130000 -0.51575106
15.155000 -0.51630944
15.180000 -0.51677489
15.205000 -0.51730065
15.230000 -0.51802407
15.255000 -0.51856846
15.280000 -0.51915549
15.305000 -0.51965687
15.330000 -0.52024105
15.355000 -0.52087268
15.380000 -0.52144447
15.405000 -0.5219294
15.430000 -0.52248096
15.455000 -0.52313456
15.480000 -0.52377057
15.505000 -0.52425509
15.530000 -0.52473522
15.555000 -0.52534339
15.580000 -0.52595583
15.605000 -0.52649584
15.630000 -0.52711509
15.655000 -0.52756942
15.680000 -0.52809544
15.705000 -0.52878042
15.730000 -0.52932486
15.755000 -0.52984131
15.780000 -0.53036215
15.805000 -0.53096435
15.830000 -0.53149388
15.855000 -0.53208944
15.880000 -0.53252707
15.905000 -0.53317926
15.930000 -0.53375888
15.955000 -0.53436025
15.980000 -0.5349386
16.005000 -0.53539782
16.030000 -0.53598819
16.055000 -0.53645763
16.080000 -0.53669755
16.105000 -0.53726044
16.130000 -0.53792295
16.155000 -0.53847313
16.180000 -0.53897007
16.205000 -0.53955167
16.230000 -0.53993533
16.255000 -0.54058181
16.280000 -0.54099172
16.305000 -0.54147461
16.330000 -0.54208767
16.355000 -0.54258604
16.380000 -0.54312887
16.405000 -0.54357814
16.430000 -0.54410526
16.455000 -0.54449582
16.480000 -0.54514459
16.505000 -0.54565863
16.530000 -0.54610645
16.555000 -0.54671512
16.580000 -0.54718674
16.605000 -0.54774252
16.630000 -0.54812382
16.655000 -0.54866576
16.680000 -0.54900686
16.705000 -0.54952371
16.730000 -0.55019009
16.755000 -0.55057582
16.780000 -0.55113657
16.805000 -0.55159719
16.830000 -0.55222216
16.855000 -0.55262411
16.880000 -0.55309034
16.905000 -0.55348888
16.930000 -0.55390821
16.955000 -0.55455158
16.980000 -0.55481933
17.005000 -0.55535311
17.030000 -0.55584159
17.055000 -0.55652399
17.080000 -0.5568889
17.105000 -0.55733997
17.130000 -0.5575987
17.155000 -0.55811779
17.180000 -0.558627
17.205000 -0.55888482
17.230000 -0.55935679
17.255000 -0.55960241
17.280000 -0.56022217
17.305000 -0.5605842
17.330000 -0.56102593
17.355000 -0.561151
17.380000 -0.56167776
17.405000 -0.56214322
17.430000 -0.5623527
17.455000 -0.56270082
17.480000 -0.56302816
17.505000 -0.5633836
17.530000 -0.56330523
17.555000 -0.56356522
17.580000 -0.56365005
17.605000 -0.56421013
17.630000 -0.56453661
17.655000 -0.56466256
17.680000 -0.56497088
17.705000 -0.56503603
17.730000 -0.56510441
17.755000 -0.56489218
17.780000 -0.56469952
17.805000 -0.56398262
17.830000 -0.56294578
17.855000 -0.56361783
17.880000 -0.56366901
17.905000 -0.56387356
17.930000 -0.56311991
17.955000 -0.56097846
17.980000 -0.56002904
18.005000 -0.56025755
18.030000 -0.55960554
18.055000 -0.55726143
18.080000 -0.55391412
18.105000 -0.5536595
18.130000 -0.51908547
18.155000 -0.51974278
18.180000 -0.52232798
18.205000 -0.52412753
18.230000 -0.52537579
18.255000 -0.52619172
18.280000 -0.524024
18.305000 -0.52442776
18.330000 -0.52492723
18.355000 -0.52501573
18.380000 -0.52509957
18.405000 -0.52559766
18.430000 -0.52582321
18.455000 -0.52616096
18.480000 -0.52612485
18.505000 -0.52635463
18.530000 -0.52665918
18.555000 -0.52700234
18.580000 -0.52724037
18.605000 -0.52724061
18.630000 -0.52756845
18.655000 -0.52777743
18.680000 -0.52797741
18.705000 -0.52822116
18.730000 -0.52824712
18.755000 -0.52845234
18.780000 -0.52883254
18.805000 -0.52897537
18.830000 -0.52916387
18.855000 -0.52936613
18.880000 -0.52962184
18.905000 -0.52987641
18.930000 -0.52992218
18.955000 -0.53007994
18.980000 -0.53030603
19.005000 -0.53053603
19.030000 -0.53092636
19.055000 -0.53090885
19.080000 -0.53114655
19.105000 -0.53145659
19.130000 -0.53182363
19.155000 -0.5316698
19.180000 -0.53200937
19.205000 -0.53206372
19.230000 -0.53244654
19.255000 -0.53278359
19.280000 -0.53270335
19.305000 -0.53325579
19.330000 -0.53324206
19.355000 -0.53369738
19.380000 -0.53374222
19.405000 -0.53367752
19.430000 -0.5342304
19.455000 -0.53410691
19.480000 -0.53478655
19.505000 -0.53462274
19.530000 -0.53481178
19.555000 -0.53510907
19.580000 -0.53534829
19.605000 -0.53551932
19.630000 -0.53539566
19.655000 -0.53560399
19.680000 -0.53561041
19.705000 -0.53589889
19.730000 -0.53612489
19.755000 -0.53605735
19.780000 -0.53634186
19.805000 -0.5365605
19.830000 -0.53675237
19.855000 -0.53684727
19.880000 -0.53665778
19.905000 -0.53672051
19.930000 -0.53704467
19.955000 -0.53726162
19.980000 -0.5373657
20.005000 -0.53750002
20.030000 -0.53772605
20.055000 -0.53786423
20.080000 -0.53789314
20.105000 -0.5381965
20.130000 -0.53820488
20.155000 -0.53844583
20.180000 -0.53852453
20.205000 -0.5387734
20.230000 -0.53900085
20.255000 -0.5393404
20.280000 -0.53923325
20.305000 -0.53931694
20.330000 -0.53961993
20.355000 -0.54007072
20.380000 -0.53976015
20.405000 -0.54025168
20.430000 -0.54024881
20.455000 -0.54051794
20.480000 -0.54062371
20.505000 -0.54049373
20.530000 -0.54099209
20.555000 -0.5412025
20.580000 -0.5415308
20.605000 -0.54154287
20.630000 -0.54164523
20.655000 -0.54195604
20.680000 -0.54208223
20.705000 -0.54244056
20.730000 -0.54242386
20.755000 -0.54244195
20.780000 -0.54282008
20.805000 -0.54339763
20.830000 -0.54316916
20.855000 -0.54332332
20.880000 -0.54348095
20.905000 -0.54374875
20.930000 -0.54349426
20.955000 -0.54427511
20.980000 -0.54405323
21.005000 -0.54436688
21.030000 -0.54443287
21.055000 -0.5445099
21.080000 -0.54452177
21.105000 -0.54480161
21.130000 -0.54506257
21.155000 -0.54553034
21.180000 -0.54533112
21.205000 -0.54553535
21.230000 -0.54571342
21.255000 -0.54585789
21.280000 -0.54600328
21.305000 -0.5460453
21.330000 -0.5459155
21.355000 -0.54670011
21.380000 -0.54693267
21.405000 -0.54668169
21.430000 -0.54685285
21.455000 -0.54676863
21.480000 -0.54749405
21.505000 -0.54738016
21.530000 -0.54772427
21.555000 -0.54782026
21.580000 -0.54792003
21.605000 -0.54801382
21.630000 -0.5483963
21.655000 -0.54891866
21.680000 -0.54866037
21.705000 -0.54871297
21.730000 -0.54891352
21.755000 -0.54967363
21.780000 -0.54927185
21.805000 -0.54924425
21.830000 -0.5495282
21.855000 -0.54946873
21.880000 -0.55002725
21.905000 -0.54991753
21.930000 -0.55011838
21.955000 -0.5501696
21.980000 -0.55057741
22.005000 -0.5506322
22.030000 -0.55069419
22.055000 -0.55108662
22.080000 -0.55100724
22.105000 -0.5511056
22.130000 -0.55150566
22.155000 -0.55201206
22.180000 -0.5523267
22.205000 -0.55210256
22.230000 -0.5522671
22.255000 -0.5524859
22.280000 -0.55272036
22.305000 -0.5528548
22.330000 -0.55289022
22.355000 -0.55270376
22.379999 -0.55296232
22.404999 -0.5534272
22.429999 -0.55356626
22.454999 -0.55354497
22.479999 -0.55372131
22.504999 -0.55389603
22.529999 -0.55408624
22.554999 -0.55407108
22.579999 -0.55409164
22.604999 -0.55446712
22.629999 -0.554794
22.654999 -0.55514314
22.679999 -0.5549825
22.704999 -0.55476997
22.729999 -0.55510505
22.754999 -0.55527129
22.779999 -0.55524085
22.804999 -0.55539867
22.829999 -0.55558082
22.854999 -0.55594717
22.879999 -0.55580388
22.904999 -0.5560618
22.929999 -0.55615638
22.954999 -0.55654827
22.979999 -0.55653727
23.004999 -0.55666809
23.029999 -0.55692814
23.054999 -0.55712201
23.079999 -0.55760815
23.104999 -0.55731532
23.129999 -0.55745525
23.154999 -0.55725459
23.179999 -0.55729783
23.204999 -0.55746855
23.229999 -0.55742095
23.254999 -0.55758712
23.279999 -0.5576539
23.304999 -0.55779782
23.329999 -0.55816521
23.354999 -0.55753465
23.379999 -0.55795496
23.404999 -0.55807565
23.429999 -0.55846584
23.454999 -0.55848324
23.479999 -0.5582828
23.504999 -0.55852853
23.529999 -0.55854744
23.554999 -0.55903782
23.579999 -0.5593946
23.604999 -0.55925511
23.629999 -0.55908088
23.654999 -0.55916826
23.679999 -0.55917928
23.704999 -0.5591465
23.729999 -0.55947591
23.754999 -0.55954256
23.779999 -0.55966571
23.804999 -0.560068
23.829999 -0.55983202
23.854999 -0.5601802
23.879999 -0.56011589
23.904999 -0.56009018
23.929999 -0.56017682
23.954999 -0.56056531
23.979999 -0.5605325
24.004999 -0.56028934
24.029999 -0.56095861
24.054999 -0.56116919
24.079999 -0.56117595
24.104999 -0.56099163
24.129999 -0.56123382
24.154999 -0.56149577
24.179999 -0.56117898
24.204999 -0.56149808
24.229999 -0.56174607
24.254999 -0.56183765
24.279999 -0.56189485
24.304999 -0.56195576
24.329999 -0.56231291
24.354999 -0.56192587
24.379999 -0.56216534
24.404999 -0.56237761
24.429999 -0.5624474
24.454999 -0.56260408
24.479999 -0.56284349
24.504999 -0.56311733
24.529999 -0.56328694
24.554999 -0.56289858
24.579999 -0.56292542
24.604999 -0.56335753
24.629999 -0.56336968
24.654999 -0.56334308
24.679999 -0.5636099
24.704999 -0.56386202
24.729999 -0.56367098
24.754999 -0.56414055
24.779999 -0.56394605
24.804999 -0.56445554
24.829999 -0.56419709
24.854999 -0.56409317
24.879999 -0.56419397
24.904999 -0.56428212
24.929999 -0.56450854
24.954999 -0.56439463
24.979999 -0.5648096
25.004999 -0.56420627
25.029999 -0.56440209
25.054999 -0.56456213
25.079999 -0.56454722
25.104999 -0.56453218
25.129999 -0.56482582
25.154999 -0.56472122
25.179999 -0.56513552
25.204999 -0.56511658
25.229999 -0.56509043
25.254999 -0.56481156
25.279999 -0.56520491
25.304999 -0.56502518
25.329999 -0.5650302
25.354999 -0.56539226
25.379999 -0.56535275
25.404999 -0.5655742
25.429999 -0.56533314
25.454999 -0.56551708
25.479999 -0.5657908
25.504999 -0.56567117
25.529999 -0.56579945
25.554999 -0.56568664
25.579999 -0.56563705
25.604999 -0.5659286
25.629999 -0.56597634
25.654999 -0.56631111
25.679999 -0.56591194
25.704999 -0.56606043
25.729999 -0.56611399
25.754999 -0.56648525
25.779999 -0.56636205
25.804999 -0.56659795
25.829999 -0.56677921
25.854999 -0.56664451
25.879999 -0.56691332
25.904999 -0.56695053
25.929999 -0.56707268
25.954999 -0.56671673
25.979999 -0.56704628
26.004999 -0.56705532
26.029999 -0.56749334
26.054999 -0.56715535
26.079999 -0.56742832
26.104999 -0.5678276
26.129999 -0.56731777
26.154999 -0.56753291
26.179999 -0.56712206
26.204999 -0.56692826
26.229999 -0.56700221
26.254999 -0.56748148
26.279999 -0.56723553
26.304999 -0.56741139
26.329999 -0.567816
26.354999 -0.56762366
26.379999 -0.5675155
26.404999 -0.56742929
26.429999 -0.56777869
26.454999 -0.56743816
26.479999 -0.56730494
26.504999 -0.56760541
26.529999 -0.56765038
26.554999 -0.56762831
26.579999 -0.56766533
26.604999 -0.56752998
26.629999 -0.56802045
26.654999 -0.56760941
26.679999 -0.56745723
26.704999 -0.56798299
26.729999 -0.56812159
26.754999 -0.56778607
26.779999 -0.5676034
26.804999 -0.56780949
26.829999 -0.56815898
26.854999 -0.56857411
26.879999 -0.56783299
26.904999 -0.56787334
26.929999 -0.56831383
26.954999 -0.56865434
26.979999 -0.56803786
27.004999 -0.56800487
27.029999 -0.56822012
27.054999 -0.5681293
27.079999 -0.56852126
27.104999 -0.56835952
27.129999 -0.56821102
27.154999 -0.56856875
27.179999 -0.56802685
27.204999 -0.56769051
27.229999 -0.56785407
27.254999 -0.56805189
27.279999 -0.5682099
27.304999 -0.56836627
27.329999 -0.56822652
27.354999 -0.5680931
27.379999 -0.56816112
27.404999 -0.56819548
27.429999 -0.56799639
27.454999 -0.56836469
27.479999 -0.56808018
27.504999 -0.56811271
27.529999 -0.56783348
27.554999 -0.56751103
27.579999 -0.56759925
27.604999 -0.5675813
27.629999 -0.56748226
27.654999 -0.56731565
27.679999 -0.56772757
27.704999 -0.56754857
27.729999 -0.5675749
27.754999 -0.56706352
27.779999 -0.56674272
27.804999 -0.56673286
27.829999 -0.56622816
27.854999 -0.56623619
27.879999 -0.56615894
27.904999 -0.56645323
27.929999 -0.56640564
27.954999 -0.56603388
27.979999 -0.56568612
28.004999 -0.56526745
28.029999 -0.56502323
28.054999 -0.56458967
28.079999 -0.56471576
28.104999 -0.56430566
28.129999 -0.56463646
28.154999 -0.56443689
28.179999 -0.56407365
28.204999 -0.56382648
28.229999 -0.56369978
28.254999 -0.56356103
28.279999 -0.56296492
28.304999 -0.56320164
28.329999 -0.56274691
28.354999 -0.56271527
28.379999 -0.56256542
28.404999 -0.56211216
28.429999 -0.5618319
28.454999 -0.56177735
28.479999 -0.56130225
28.504999 -0.56105728
28.529999 -0.56124719
28.554999 -0.56074299
28.579999 -0.56010624
28.604999 -0.56026457
28.629999 -0.56005436
28.654999 -0.55988944
28.679999 -0.55925566
28.704999 -0.55878776
28.729999 -0.55904671
28.754999 -0.55871198
28.779999 -0.55837375
28.804999 -0.55753114
28.829999 -0.55744751
28.854999 -0.55750006
28.879999 -0.55688416
28.904999 -0.55580177
28.929999 -0.55566452
28.954999 -0.55582823
28.979999 -0.5556285
29.004999 -0.55507967
29.029999 -0.5540854
29.054999 -0.55387297
29.079999 -0.55373516
29.104999 -0.553099
29.129999 -0.55250213
29.154999 -0.55179082
29.179999 -0.55169833
29.204999 -0.55158133
29.229999 -0.55084385
29.254999 -0.55014352
29.279999 -0.54995785
29.304999 -0.54948663
29.329999 -0.54908726
29.354999 -0.54874684
29.379999 -0.54802596
29.404999 -0.54755257
29.429999 -0.54729978
29.454999 -0.54678212
29.479999 -0.54614008
29.504999 -0.54581591
29.529999 -0.54526668
29.554999 -0.54471686
29.579999 -0.54432285
29.604999 -0.54389196
29.629999 -0.54300059
29.654999 -0.54290794
29.679999 -0.54209965
29.704999 -0.54183271
29.729999 -0.54113426
29.754999 -0.54052541
29.779999 -0.54010159
29.804999 -0.53960873
29.829999 -0.5390057
29.854999 -0.53780915
29.879999 -0.53763007
29.904999 -0.53709779
29.929999 -0.53683514
29.954999 -0.53602834
29.979999 -0.53526933
30.004999 -0.53477016
30.029999 -0.53432084
30.054999 -0.5337887
30.079999 -0.53278176
30.104999 -0.53220468
30.129999 -0.53140759
30.154999 -0.531232
30.179999 -0.53083755
30.204999 -0.53004609
30.229999 -0.52943327
30.254999 -0.52854747
30.279999 -0.52804082
30.304999 -0.52735921
30.329999 -0.52641855
30.354999 -0.52570977
30.379999 -0.52534584
30.404999 -0.52510267
30.429999 -0.52413858
30.454999 -0.52350021
30.479999 -0.52262968
30.504999 -0.52219169
30.529999 -0.52174562
30.554999 -0.52080518
30.579999 -0.52023193
30.604999 -0.51929982
30.629999 -0.51903521
30.654999 -0.51868403
30.679999 -0.51797442
30.704999 -0.51714847
30.729999 -0.51641279
30.754999 -0.51557334
30.779999 -0.51516918
30.804999 -0.51446139
30.829999 -0.51370788
30.854999 -0.51282255
30.879999 -0.51233205
30.904999 -0.51197583
30.929999 -0.51143771
30.954999 -0.5105639
30.979999 -0.50981589
31.004999 -0.50892436
31.029999 -0.50842926
31.054999 -0.50791326
31.079999 -0.5070746
31.104999 -0.50627525
31.129999 -0.5057961
31.154999 -0.50529663
31.179999 -0.50483335
31.204999 -0.50397491
31.229999 -0.50325123
31.254999 -0.50241986
31.279999 -0.50187107
31.304999 -0.50132148
31.329999 -0.50052582
31.354999 -0.49975133
31.379999 -0.49933499
31.404999 -0.49882626
31.429999 -0.49833786
31.454999 -0.49751294
31.479999 -0.49674008
31.504999 -0.49592551
31.529999 -0.49534898
31.554999 -0.49472024
31.579999 -0.49410461
31.604999 -0.49338477
31.629999 -0.49288958
31.654999 -0.49244901
31.679999 -0.49173182
31.704999 -0.49113603
31.729999 -0.49040214
31.754999 -0.48974691
31.779999 -0.48921992
31.804999 -0.48845452
31.829999 -0.48800471
31.854999 -0.4873179
31.879999 -0.48696923
31.904999 -0.48646386
31.929999 -0.48546535
31.954999 -0.48521139
31.979999 -0.48429794
32.004999 -0.48369871
32.029999 -0.48304144
32.054999 -0.48222935
32.079999 -0.48175518
32.104999 -0.48100631
32.129999 -0.48071852
32.154999 -0.48046645
32.179999 -0.47957613
32.204999 -0.47890115
32.229999 -0.4781573
32.254999 -0.47784392
32.279999 -0.47742324
32.304999 -0.47666159
32.329999 -0.47582783
32.354999 -0.47552362
32.379999 -0.47496687
32.404999 -0.47463527
32.429999 -0.47418518
32.454999 -0.47348297
32.479999 -0.47300244
32.504999 -0.47220589
32.529999 -0.47181687
32.554999 -0.47131524
32.579999 -0.47049721
32.604999 -0.47011295
32.629999 -0.46976306
32.654999 -0.46920495
32.679999 -0.46867153
32.704999 -0.46824574
32.729999 -0.46789802
32.754999 -0.46741956
32.779999 -0.46689018
32.804999 -0.466413
32.829999 -0.46571719
32.854999 -0.46531641
32.879999 -0.46542979
32.904999 -0.46461741
32.929999 -0.46421474
32.954999 -0.46349836
32.979999 -0.46319454
33.004999 -0.4633918
33.029999 -0.46271137
33.054999 -0.4622218
33.079999 -0.46152041
33.104999 -0.46092783
33.129999 -0.46070304
33.154999 -0.46046989
33.179999 -0.46001044
33.204999 -0.45943609
33.229999 -0.45888538
33.254999 -0.45852268
33.279999 -0.45803813
33.304999 -0.45767279
33.329999 -0.45715839
33.354999 -0.45688949
33.379999 -0.45644487
33.404999 -0.45577314
33.429999 -0.45554588
33.454999 -0.45531657
33.479999 -0.45515188
33.504999 -0.45479035
33.529999 -0.45419571
33.554999 -0.45398179
33.579999 -0.45342809
33.604999 -0.45318285
33.629999 -0.45288563
33.654999 -0.45236737
33.679999 -0.4520787
33.704999 -0.4517889
33.729999 -0.45142974
33.754999 -0.45111278
33.779999 -0.45103004
33.804999 -0.45071235
33.829999 -0.45045441
33.854999 -0.44980201
33.879999 -0.44950114
33.904999 -0.44912625
33.929999 -0.44904979
33.954999 -0.44849772
33.979999 -0.44807165
34.004999 -0.44792117
34.029999 -0.44772686
34.054999 -0.44717291
34.079999 -0.44675123
34.104999 -0.44625799
34.129999 -0.44620046
34.154999 -0.44577084
34.179999 -0.44580532
34.204999 -0.44517413
34.229999 -0.44512459
34.254999 -0.4449088
34.279999 -0.44444276
34.304999 -0.44457302
34.329999 -0.44402858
34.354999 -0.4433945
34.379999 -0.44307708
34.404999 -0.44274676
34.429999 -0.44239214
34.454999 -0.44213702
34.479999 -0.4416612
34.504999 -0.441394
34.529999 -0.44105085
34.554999 -0.44052894
34.579999 -0.44037602
34.604999 -0.43999314
34.629999 -0.43975644
34.654999 -0.43916006
34.679999 -0.43913881
34.704999 -0.43869217
34.729999 -0.43822158
34.754999 -0.43794991
34.779999 -0.4377631
34.804999 -0.43753929
34.829999 -0.43714452
34.854999 -0.43696765
34.879999 -0.43687798
34.904999 -0.43632693
34.929999 -0.43596726
34.954999 -0.43563446
34.979999 -0.43530952
35.004999 -0.43491685
35.029999 -0.43469962
35.054999 -0.43435816
35.079999 -0.43391145
35.104999 -0.4336021
35.129999 -0.43364547
35.154999 -0.43330639
35.179999 -0.43288251
35.204999 -0.43252038
35.229999 -0.43287769
35.254999 -0.43273321
35.279999 -0.43228309
35.304999 -0.43165027
35.329999 -0.43146745
35.354999 -0.43102806
35.379999 -0.4308109
35.404999 -0.43073898
35.429999 -0.4302293
35.454999 -0.43016888
35.479999 -0.43001608
35.504999 -0.42949827
35.529999 -0.42929144
35.554999 -0.42884213
35.579999 -0.42886786
35.604999 -0.42853368
35.629999 -0.42833534
35.654999 -0.42824802
35.679999 -0.42799149
35.704999 -0.42772035
35.729999 -0.42747239
35.754999 -0.42743345
35.779999 -0.42725857
35.804999 -0.42700177
35.829999 -0.42667987
35.854999 -0.4264754
35.879999 -0.42577944
35.904999 -0.4259917
35.929999 -0.4257437
35.954999 -0.42538224
35.979999 -0.42532272
36.004999 -0.42520928
36.029999 -0.42519337
36.054999 -0.42482094
36.079999 -0.42427776
36.104999 -0.42392085
36.129999 -0.42364161
36.154999 -0.4234742
36.179999 -0.4229861
36.204999 -0.42271671
36.229999 -0.42280018
36.254999 -0.42239927
36.279999 -0.42194999
36.304999 -0.42183482
36.329999 -0.42169101
36.354999 -0.42137675
36.379999 -0.42139575
36.404999 -0.4212682
36.429999 -0.4208562
36.454999 -0.4204903
36.479999 -0.42031947
36.504999 -0.41978537
36.529999 -0.4194637
36.554999 -0.41915412
36.579999 -0.41914163
36.604999 -0.41885621
36.629999 -0.41867163
36.654999 -0.41828751
36.679999 -0.4181632
36.704999 -0.4180968
36.729999 -0.41794239
36.754999 -0.41771424
36.779999 -0.41772901
36.804999 -0.4170088
36.829999 -0.41674335
36.854999 -0.41676342
36.879999 -0.4166663
36.904999 -0.41633574
36.929999 -0.41618842
36.954999 -0.41600676
36.979999 -0.41574627
37.004999 -0.41549251
37.029999 -0.41518012
37.054999 -0.41518301
37.079999 -0.41500222
37.104999 -0.41491284
37.129999 -0.4146852
37.154999 -0.41462103
37.179999 -0.41451279
37.204999 -0.41420048
37.229999 -0.41418765
37.254999 -0.41429011
37.279999 -0.41409393
37.304999 -0.41363711
37.329999 -0.41341914
37.354999 -0.41328783
37.379999 -0.41320237
37.404999 -0.41322531
37.429999 -0.41270534
37.454999 -0.41306149
37.479999 -0.41293074
37.504999 -0.41271265
37.529999 -0.41242782
37.554999 -0.41215323
37.579999 -0.4115091
37.604999 -0.4114958
37.629999 -0.41135513
37.654999 -0.41101032
37.679999 -0.41070238
37.704999 -0.41069443
37.729999 -0.41053809
37.754999 -0.41032716
37.779999 -0.41028964
37.804999 -0.40999427
37.829999 -0.40978678
37.854999 -0.40998793
37.879999 -0.40961171
37.904999 -0.40931158
37.929999 -0.40907751
37.954999 -0.40865924
37.979999 -0.40861242
38.004999 -0.40850958
38.029999 -0.40818502
38.054999 -0.40798178
38.079999 -0.40797296
38.104999 -0.40812923
38.129999 -0.40794222
38.154999 -0.40746993
38.179999 -0.40744617
38.204999 -0.40755221
38.229999 -0.40755833
38.254999 -0.40721008
38.279999 -0.40689235
38.304999 -0.406929
38.329999 -0.40691571
38.354999 -0.40652721
38.379999 -0.40647591
38.404999 -0.40612473
38.429999 -0.40638423
38.454999 -0.40623216
38.479999 -0.40645295
38.504999 -0.40634973
38.529999 -0.40631546
38.554999 -0.406119
38.579999 -0.40583794
38.604999 -0.40575962
38.629999 -0.40589364
38.654999 -0.40593424
38.679999 -0.40536768
38.704999 -0.40549987
38.729999 -0.40552015
38.754999 -0.40542726
38.779999 -0.40531502
38.804999 -0.40496558
38.829999 -0.40524015
38.854999 -0.40523478
38.879999 -0.40501438
38.904999 -0.40464499
38.929999 -0.40479954
38.954999 -0.40436816
38.979999 -0.40425282
39.004999 -0.40424642
39.029999 -0.40383739
39.054999 -0.40399893
39.079999 -0.40390354
39.104999 -0.40368399
39.129999 -0.40372677
39.154999 -0.40354722
39.179999 -0.40349241
39.204999 -0.40329966
39.229999 -0.4031356
39.254999 -0.402979
39.279999 -0.4027618
39.304999 -0.40260647
39.329999 -0.40274696
39.354999 -0.4026237
39.379999 -0.40258194
39.404999 -0.40236128
39.429999 -0.40232419
39.454999 -0.40238378
39.479999 -0.40239377
39.504999 -0.40231772
39.529999 -0.40251936
39.554999 -0.40193798
39.579999 -0.40177151
39.604999 -0.40189685
39.629999 -0.40188641
39.654999 -0.40187562
39.679999 -0.40164406
39.704999 -0.40178159
39.729999 -0.40181445
39.754999 -0.40141192
39.779999 -0.40155064
39.804999 -0.40136376
39.829999 -0.40140514
39.854999 -0.40138361
39.879999 -0.40143265
39.904999 -0.40159203
39.929999 -0.40157014
39.954999 -0.40134628
39.979999 -0.40143553
