0.005000 0
0.030000 -0.0023499235
0.055000 -0.0044822416
0.080000 -0.0065743402
0.105000 -0.0086390136
0.130000 -0.010682054
0.155000 -0.012700784
0.180000 -0.01469546
0.205000 -0.016669242
0.230000 -0.018622458
0.255000 -0.020556725
0.280000 -0.022478303
0.305000 -0.024374109
0.330000 -0.026256278
0.355000 -0.028124496
0.380000 -0.029955345
0.405000 -0.031772332
0.430000 -0.033573462
0.455000 -0.035350627
0.480000 -0.037120226
0.505000 -0.038880995
0.530000 -0.040611777
0.555000 -0.042339778
0.580000 -0.044014605
0.605000 -0.045687274
0.630000 -0.047395753
0.655000 -0.049008004
0.680000 -0.050630579
0.705000 -0.052309152
0.730000 -0.05399992
0.755000 -0.055666679
0.780000 -0.057316141
0.805000 -0.058966576
0.830000 -0.060587766
0.855000 -0.06219775
0.880000 -0.063819877
0.905000 -0.065453477
0.930000 -0.067063465
0.955000 -0.068571434
0.980000 -0.069884476
1.005000 -0.071525509
1.030000 -0.073088957
1.055000 -0.074609855
1.080000 -0.076150312
1.105000 -0.07766919
1.130000 -0.07924452
1.155000 -0.080803612
1.180000 -0.082378543
1.205000 -0.083882189
1.230000 -0.0854814
1.255000 -0.087041013
1.280000 -0.088606531
1.305000 -0.090152587
1.330000 -0.091694562
1.355000 -0.093223529
1.380000 -0.094688365
1.405000 -0.096185803
1.430000 -0.097700809
1.455000 -0.099139917
1.480000 -0.10056659
1.505000 -0.10169136
1.530000 -0.10317323
1.555000 -0.10458336
1.580000 -0.10600251
1.605000 -0.10741412
1.630000 -0.10888181
1.655000 -0.11009404
1.680000 -0.11143248
1.705000 -0.11283781
1.730000 -0.11416738
1.755000 -0.11547241
1.780000 -0.11694254
1.805000 -0.11826747
1.830000 -0.11968464
1.855000 -0.12106731
1.880000 -0.12251046
1.905000 -0.12396679
1.930000 -0.12545155
1.955000 -0.12682944
1.980000 -0.12821495
2.005000 -0.12948802
2.030000 -0.13064433
2.055000 -0.13186723
2.080000 -0.1331966
2.105000 -0.13453375
2.130000 -0.13586353
2.155000 -0.13708182
2.180000 -0.13800089
2.205000 -0.13934274
2.230000 -0.14062357
2.255000 -0.14192306
2.280000 -0.14335671
2.305000 -0.14467727
2.330000 -0.14608738
2.355000 -0.14747752
2.380000 -0.14887315
2.405000 -0.15019042
2.430000 -0.15157532
2.455000 -0.1527954
2.480000 -0.1536887
2.505000 -0.15502266
2.530000 -0.15630375
2.555000 -0.1575989
2.580000 -0.15868923
2.605000 -0.15982427
2.630000 -0.16103971
2.655000 -0.16214707
2.680000 -0.16349179
2.705000 -0.16466695
2.730000 -0.16597235
2.755000 -0.16728646
2.780000 -0.16863979
2.805000 -0.1699198
2.830000 -0.17122065
2.855000 -0.17220215
2.880000 -0.17324638
2.905000 -0.1744697
2.930000 -0.1757374
2.955000 -0.1766826
2.980000 -0.17760896
3.005000 -0.17875098
3.030000 -0.17994484
3.055000 -0.18126097
3.080000 -0.18250351
3.105000 -0.18378465
3.130000 -0.18507685
3.155000 -0.18632001
3.180000 -0.18759798
3.205000 -0.18843245
3.230000 -0.18948716
3.255000 -0.190732
3.280000 -0.19196184
3.305000 -0.19277889
3.330000 -0.19392779
3.355000 -0.19493342
3.380000 -0.19613047
3.405000 -0.19726494
3.430000 -0.19848619
3.455000 -0.19975638
3.480000 -0.2009603
3.505000 -0.20212481
3.530000 -0.20295937
3.555000 -0.20397463
3.580000 -0.20515904
3.605000 -0.20615014
3.630000 -0.20690154
3.655000 -0.20793062
3.680000 -0.20904171
3.705000 -0.21017211
3.730000 -0.21147121
3.755000 -0.21267875
3.780000 -0.21384236
3.805000 -0.21505418
3.830000 -0.21571265
3.855000 -0.21680419
3.880000 -0.21797212
3.905000 -0.21877817
3.930000 -0.21981672
3.955000 -0.22078489
3.980000 -0.22184673
4.005000 -0.22295259
4.030000 -0.22410447
4.055000 -0.22528257
4.080000 -0.2264069
4.105000 -0.2272042
4.130000 -0.22811962
4.155000 -0.22919361
4.180000 -0.23002209
4.205000 -0.23076736
4.230000 -0.23176551
4.255000 -0.23286477
4.280000 -0.23392277
4.305000 -0.23512684
4.330000 -0.23624411
4.355000 -0.23738794
4.380000 -0.23802193
4.405000 -0.23899856
4.430000 -0.24007102
4.455000 -0.24079729
4.480000 -0.24170553
4.505000 -0.24268847
4.530000 -0.24362745
4.555000 -0.24476638
4.580000 -0.24588615
4.605000 -0.24694819
4.630000 -0.24771303
4.655000 -0.24855208
4.680000 -0.24954804
4.705000 -0.25028263
4.730000 -0.25097411
4.755000 -0.25192103
4.780000 -0.25291196
4.805000 -0.25406662
4.830000 -0.25515729
4.855000 -0.25620497
4.880000 -0.25687419
4.905000 -0.25771122
4.930000 -0.25874606
4.955000 -0.2594451
4.980000 -0.26027588
5.005000 -0.26117248
5.030000 -0.26210312
5.055000 -0.26315942
5.080000 -0.2641988
5.105000 -0.26509615
5.130000 -0.26580079
5.155000 -0.2666527
5.180000 -0.26739441
5.205000 -0.2680842
5.230000 -0.26882005
5.255000 -0.26976944
5.280000 -0.27084452
5.305000 -0.27189312
5.330000 -0.27283505
5.355000 -0.27341606
5.380000 -0.27433628
5.405000 -0.27515559
5.430000 -0.27590292
5.455000 -0.27665957
5.480000 -0.27748372
5.505000 -0.27849888
5.530000 -0.27943281
5.555000 -0.2803258
5.580000 -0.28100242
5.605000 -0.28178549
5.630000 -0.28248343
5.655000 -0.28319781
5.680000 -0.28379278
5.705000 -0.28461331
5.730000 -0.2856375
5.755000 -0.2866675
5.780000 -0.28746987
5.805000 -0.28807492
5.830000 -0.28897457
5.855000 -0.28958947
5.880000 -0.29031474
5.905000 -0.29111392
5.930000 -0.29188697
5.955000 -0.29288565
5.980000 -0.29371754
6.005000 -0.29446053
6.030000 -0.29511887
6.055000 -0.29578884
6.080000 -0.29641434
6.105000 -0.29702136
6.130000 -0.29768789
6.155000 -0.29857118
6.180000 -0.29959925
6.205000 -0.30035169
6.230000 -0.3009391
6.255000 -0.30173994
6.280000 -0.30231054
6.305000 -0.30300657
6.330000 -0.30375917
6.355000 -0.30453208
6.380000 -0.30544498
6.405000 -0.30615044
6.430000 -0.30685935
6.455000 -0.30741248
6.480000 -0.30802416
6.505000 -0.30862041
6.530000 -0.30918392
6.555000 -0.30982804
6.580000 -0.31078548
6.605000 -0.31161293
6.630000 -0.31219697
6.655000 -0.3128656
6.680000 -0.31343976
6.705000 -0.31409801
6.730000 -0.31472153
6.755000 -0.31536032
6.780000 -0.31619533
6.805000 -0.31684807
6.830000 -0.31752843
6.855000 -0.31800362
6.880000 -0.31858951
6.905000 -0.31908895
6.930000 -0.31961016
6.955000 -0.32020696
6.980000 -0.32115118
7.005000 -0.32180283
7.030000 -0.32236966
7.055000 -0.32303165
7.080000 -0.32357087
7.105000 -0.3241363
7.130000 -0.32470387
7.155000 -0.32538621
7.180000 -0.32615324
7.205000 -0.32667977
7.230000 -0.32726485
7.255000 -0.32771727
7.280000 -0.32834895
7.305000 -0.32873642
7.330000 -0.32921496
7.355000 -0.33004793
7.380000 -0.33079231
7.405000 -0.33141355
7.430000 -0.3319139
7.455000 -0.33230342
7.480000 -0.33283038
7.505000 -0.33349398
7.530000 -0.33410161
7.555000 -0.33481975
7.580000 -0.33533028
7.605000 -0.3358338
7.630000 -0.33633835
7.655000 -0.33685951
7.680000 -0.33728729
7.705000 -0.33775102
7.730000 -0.33848506
7.755000 -0.33917056
7.780000 -0.33981933
7.805000 -0.3402896
7.830000 -0.34062054
7.855000 -0.34109791
7.880000 -0.34172677
7.905000 -0.34234424
7.930000 -0.34299603
7.955000 -0.3434883
7.980000 -0.34387424
8.005000 -0.34424565
8.030000 -0.34490189
8.055000 -0.34522727
8.080000 -0.34566212
8.105000 -0.346447
8.130000 -0.34700681
8.155000 -0.34739173
8.180000 -0.34790072
8.205000 -0.34844948
8.230000 -0.34881775
8.255000 -0.34939625
8.280000 -0.34998874
8.305000 -0.35043604
8.330000 -0.35084718
8.355000 -0.35134331
8.380000 -0.35184585
8.405000 -0.35225298
8.430000 -0.35256924
8.455000 -0.35313827
8.480000 -0.3537786
8.505000 -0.35430234
8.530000 -0.35467683
8.555000 -0.3551902
8.580000 -0.35550413
8.605000 -0.35603881
8.630000 -0.35656228
8.655000 -0.35701997
8.680000 -0.35743011
8.705000 -0.35787224
8.730000 -0.35830913
8.755000 -0.35871585
8.780000 -0.35903205
8.805000 -0.359469
8.830000 -0.36007036
8.855000 -0.36056961
8.880000 -0.36096983
8.905000 -0.36147948
8.930000 -0.36175948
8.955000 -0.36224227
8.980000 -0.36274383
9.005000 -0.36314612
9.030000 -0.3635639
9.055000 -0.36391872
9.080000 -0.36444292
9.105000 -0.36479417
9.130000 -0.36506834
9.155000 -0.36546152
9.180000 -0.36607704
9.205000 -0.36646767
9.230000 -0.36672351
9.255000 -0.36733936
9.280000 -0.36769563
9.305000 -0.36812655
9.330000 -0.3684607
9.355000 -0.36879756
9.380000 -0.36935343
9.405000 -0.36956902
9.430000 -0.37011699
9.455000 -0.37030346
9.480000 -0.3707128
9.505000 -0.37103216
9.530000 -0.3716308
9.555000 -0.37201392
9.580000 -0.37232924
9.605000 -0.37271992
9.630000 -0.37314691
9.655000 -0.37361077
9.680000 -0.37385559
9.705000 -0.37432403
9.730000 -0.37455045
9.755000 -0.37503646
9.780000 -0.37541208
9.805000 -0.37555784
9.830000 -0.37591646
9.855000 -0.37649042
9.880000 -0.37690628
9.905000 -0.37709627
9.930000 -0.3775956
9.955000 -0.3779318
9.980000 -0.37837133
10.005000 -0.37851744
10.030000 -0.37891506
10.055000 -0.3792716
10.080000 -0.37968222
10.105000 -0.38008914
10.130000 -0.38019964
10.155000 -0.38060967
10.180000 -0.38091771
10.205000 -0.38147312
10.230000 -0.38164522
10.255000 -0.38211928
10.280000 -0.38247357
10.305000 -0.38282967
10.330000 -0.38306006
10.355000 -0.383335
10.380000 -0.38375599
10.405000 -0.38409559
10.430000 -0.38445588
10.455000 -0.38466028
10.480000 -0.38500151
10.505000 -0.38527867
10.530000 -0.38578138
10.555000 -0.38596547
10.580000 -0.38642398
10.605000 -0.38676433
10.630000 -0.38705616
10.655000 -0.38730698
10.680000 -0.38757896
10.705000 -0.38793108
10.730000 -0.38828532
10.755000 -0.38864886
10.780000 -0.38870038
10.805000 -0.38912592
10.830000 -0.38942382
10.855000 -0.38985005
10.880000 -0.39004553
10.905000 -0.3904531
10.930000 -0.39078792
10.955000 -0.3911332
10.980000 -0.3912866
11.005000 -0.39164828
11.030000 -0.39176542
11.055000 -0.39226884
11.080000 -0.39259144
11.105000 -0.39261682
11.130000 -0.39297292
11.155000 -0.39341297
11.180000 -0.39366154
11.205000 -0.39400823
11.230000 -0.39425217
11.255000 -0.39460148
11.280000 -0.39502394
11.305000 -0.3951423
11.330000 -0.39553319
11.355000 -0.39565309
11.380000 -0.39608241
11.405000 -0.39632815
11.430000 -0.39636435
11.455000 -0.39673503
11.480000 -0.39710468
11.505000 -0.39731236
11.530000 -0.39776929
11.555000 -0.39790259
11.580000 -0.3983279
11.605000 -0.39855718
11.630000 -0.39884825
11.655000 -0.39892013
11.680000 -0.39935971
11.705000 -0.39962204
11.730000 -0.39974994
11.755000 -0.40013818
11.780000 -0.40050906
11.805000 -0.40054779
11.830000 -0.40096967
11.855000 -0.40131848
11.880000 -0.4015084
11.905000 -0.40189262
11.930000 -0.40204517
11.955000 -0.4023342
11.980000 -0.40245691
12.005000 -0.40289453
12.030000 -0.40308535
12.055000 -0.40311062
12.080000 -0.40351585
12.105000 -0.40392005
12.130000 -0.40399275
12.155000 -0.40437642
12.180000 -0.40461964
12.205000 -0.40495666
12.230000 -0.40504894
12.255000 -0.40543905
12.280000 -0.40553384
12.305000 -0.40592407
12.330000 -0.40614959
12.355000 -0.40620917
12.380000 -0.40638413
12.405000 -0.40702266
12.430000 -0.40703036
12.455000 -0.40756174
12.480000 -0.40779335
12.505000 -0.40800223
12.530000 -0.4080749
12.555000 -0.40849869
12.580000 -0.4085739
12.605000 -0.4089058
12.630000 -0.40912831
12.655000 -0.40936883
12.680000 -0.40942086
12.705000 -0.40999274
12.730000 -0.41019236
12.755000 -0.41045195
12.780000 -0.41077665
12.805000 -0.41089235
12.830000 -0.41110745
12.855000 -0.41140659
12.880000 -0.41159113
12.905000 -0.41180102
12.930000 -0.41214806
12.955000 -0.41241605
12.980000 -0.41221338
13.005000 -0.4127981
13.030000 -0.41313318
13.055000 -0.41327212
13.080000 -0.41367287
13.105000 -0.41394556
13.130000 -0.41405163
13.155000 -0.41432661
13.180000 -0.41456418
13.205000 -0.41473974
13.230000 -0.415094
13.255000 -0.41532699
13.280000 -0.41518943
13.305000 -0.41567465
13.330000 -0.41603514
13.355000 -0.41626619
13.380000 -0.41659838
13.405000 -0.41686667
13.430000 -0.41681951
13.455000 -0.41719754
13.480000 -0.41742612
13.505000 -0.4176327
13.530000 -0.41790536
13.555000 -0.41816917
13.580000 -0.41793207
13.605000 -0.41846625
13.630000 -0.41886009
13.655000 -0.41913598
13.680000 -0.41939234
13.705000 -0.41962858
13.730000 -0.41952429
13.755000 -0.41998976
13.780000 -0.42012781
13.805000 -0.42042982
13.830000 -0.42060968
13.855000 -0.42081413
13.880000 -0.42065532
13.905000 -0.42120282
13.930000 -0.42155673
13.955000 -0.42193417
13.980000 -0.42220403
14.005000 -0.42232176
14.030000 -0.42229462
14.055000 -0.42269312
14.080000 -0.42281197
14.105000 -0.42317053
14.130000 -0.42344237
14.155000 -0.42358605
14.180000 -0.42349044
14.205000 -0.42396015
14.230000 -0.42434064
14.255000 -0.42472427
14.280000 -0.42507913
14.305000 -0.42509069
14.330000 -0.42516658
14.355000 -0.42552895
14.380000 -0.42564882
14.405000 -0.42598135
14.430000 -0.42634885
14.455000 -0.42620149
14.480000 -0.42640639
14.505000 -0.42670958
14.530000 -0.42706345
14.555000 -0.42751566
14.580000 -0.42785354
14.605000 -0.42765994
14.630000 -0.42797666
14.655000 -0.42804748
14.680000 -0.42837326
14.705000 -0.42868013
14.730000 -0.42895147
14.755000 -0.42871305
14.780000 -0.42913376
14.805000 -0.42932752
14.830000 -0.42979189
14.855000 -0.43022059
14.880000 -0.43023031
14.905000 -0.43030507
14.930000 -0.43065755
14.955000 -0.43070567
14.980000 -0.43114796
15.005000 -0.43139051
15.030000 -0.43152456
15.055000 -0.43145434
15.080000 -0.43177056
15.105000 -0.43224886
15.130000 -0.43257342
15.155000 -0.43310266
15.180000 -0.43296605
15.205000 -0.43307621
15.230000 -0.43323072
15.255000 -0.43359088
15.280000 -0.43396874
15.305000 -0.43409686
15.330000 -0.43402607
15.355000 -0.43431379
15.380000 -0.43434403
15.405000 -0.43487988
15.430000 -0.43549168
15.455000 -0.43549537
15.480000 -0.43568135
15.505000 -0.43603951
15.530000 -0.43589716
15.555000 -0.43634224
15.580000 -0.43661389
15.605000 -0.4367163
15.630000 -0.43678005
15.655000 -0.43712746
15.680000 -0.43750154
15.705000 -0.43784564
15.730000 -0.43808896
15.755000 -0.43832999
15.780000 -0.43857524
15.805000 -0.43850493
15.830000 -0.43901113
15.855000 -0.43932743
15.880000 -0.43940739
15.905000 -0.43956846
15.930000 -0.43986552
15.955000 -0.43982782
15.980000 -0.44042771
16.005000 -0.44071931
16.030000 -0.44098555
16.055000 -0.44109826
16.080000 -0.44149128
16.105000 -0.44164626
16.130000 -0.44201446
16.155000 -0.44222793
16.180000 -0.44229372
16.205000 -0.44250566
16.230000 -0.44277962
16.255000 -0.443228
16.280000 -0.44360861
16.305000 -0.44414156
16.330000 -0.44435051
16.355000 -0.44462772
16.380000 -0.44466547
16.405000 -0.4449722
16.430000 -0.44521556
16.455000 -0.44538576
16.480000 -0.44563407
16.505000 -0.44598301
16.530000 -0.4460191
16.555000 -0.44642278
16.580000 -0.44718552
16.605000 -0.44743032
16.630000 -0.44755377
16.655000 -0.44796394
16.680000 -0.44813466
16.705000 -0.44825844
16.730000 -0.4486279
16.755000 -0.44900024
16.780000 -0.44913992
16.805000 -0.44942023
16.830000 -0.44967492
16.855000 -0.45033209
16.880000 -0.45065398
16.905000 -0.4511696
16.930000 -0.45132599
16.955000 -0.45162869
16.980000 -0.45154894
17.005000 -0.45204451
17.030000 -0.45263026
17.055000 -0.4526787
17.080000 -0.45299964
17.105000 -0.45318837
17.130000 -0.45398764
17.155000 -0.45437956
17.180000 -0.45493255
17.205000 -0.45505492
17.230000 -0.45538861
17.255000 -0.45561855
17.280000 -0.45636291
17.305000 -0.45674546
17.330000 -0.45707523
17.355000 -0.45746004
17.380000 -0.4577108
17.405000 -0.45830385
17.430000 -0.45885209
17.455000 -0.45915758
17.480000 -0.45982336
17.505000 -0.46030738
17.530000 -0.46098579
17.555000 -0.46164008
17.580000 -0.46224053
17.605000 -0.46256203
17.630000 -0.4628579
17.655000 -0.46347659
17.680000 -0.46386308
17.705000 -0.46517116
17.730000 -0.46591474
17.755000 -0.46680357
17.780000 -0.46763179
17.805000 -0.46909061
17.830000 -0.47105508
17.855000 -0.47136422
17.880000 -0.47180018
17.905000 -0.47245839
17.930000 -0.47423744
17.955000 -0.47737672
17.980000 -0.47915713
18.005000 -0.47971929
18.030000 -0.48088348
18.055000 -0.48390068
18.080000 -0.48822338
18.105000 -0.48918377
18.130000 -0.52141924
18.155000 -0.52258961
18.180000 -0.5209591
18.205000 -0.52251844
18.230000 -0.52262946
18.255000 -0.52277223
18.280000 -0.52300784
18.305000 -0.5232233
18.330000 -0.52369829
18.355000 -0.52385324
18.380000 -0.52399699
18.405000 -0.52432866
18.430000 -0.52453124
18.455000 -0.52467401
18.480000 -0.52481069
18.505000 -0.52505733
18.530000 -0.52506727
18.555000 -0.52546215
18.580000 -0.52566966
18.605000 -0.52582535
18.630000 -0.52613806
18.655000 -0.52635547
18.680000 -0.52648581
18.705000 -0.52664858
18.730000 -0.5266767
18.755000 -0.52702439
18.780000 -0.52737349
18.805000 -0.52749821
18.830000 -0.52756841
18.855000 -0.5277927
18.880000 -0.52814583
18.905000 -0.5284242
18.930000 -0.52832795
18.955000 -0.52873084
18.980000 -0.52879149
19.005000 -0.52919545
19.030000 -0.52940831
19.055000 -0.52936832
19.080000 -0.52982287
19.105000 -0.5299772
19.130000 -0.53025448
19.155000 -0.53028414
19.180000 -0.53045998
19.205000 -0.53072763
19.230000 -0.53089067
19.255000 -0.53114466
19.280000 -0.53106796
19.305000 -0.53159561
19.330000 -0.53154129
19.355000 -0.53190757
19.380000 -0.53199862
19.405000 -0.5319024
19.430000 -0.53203811
19.455000 -0.53205397
19.480000 -0.53233628
19.505000 -0.53240112
19.530000 -0.53246903
19.555000 -0.53258413
19.580000 -0.53278038
19.605000 -0.53296781
19.630000 -0.53292659
19.655000 -0.53281485
19.680000 -0.53291424
19.705000 -0.53298378
19.730000 -0.53330983
19.755000 -0.5333333
19.780000 -0.53344218
19.805000 -0.53358306
19.830000 -0.53359958
19.855000 -0.53377124
19.880000 -0.53398595
19.905000 -0.53390666
19.930000 -0.53405633
19.955000 -0.5340705
19.980000 -0.53449601
20.005000 -0.534549
20.030000 -0.53436948
20.055000 -0.53466986
20.080000 -0.53478191
20.105000 -0.53507373
20.130000 -0.53491904
20.155000 -0.53498894
20.180000 -0.53522922
20.205000 -0.53536421
20.230000 -0.53559157
20.255000 -0.53571729
20.280000 -0.53567361
20.305000 -0.53580323
20.330000 -0.53605582
20.355000 -0.53624078
20.380000 -0.53627718
20.405000 -0.53636396
20.430000 -0.53637807
20.455000 -0.53664695
20.480000 -0.53674624
20.505000 -0.53677457
20.530000 -0.53680653
20.555000 -0.5372338
20.580000 -0.53734124
20.605000 -0.53739825
20.630000 -0.5374027
20.655000 -0.53757646
20.680000 -0.53754199
20.705000 -0.53755454
20.730000 -0.53754771
20.755000 -0.53770239
20.780000 -0.53813504
20.805000 -0.53801974
20.830000 -0.53805043
20.855000 -0.53814419
20.880000 -0.5382874
20.905000 -0.53855873
20.930000 -0.53838924
20.955000 -0.53861214
20.980000 -0.53863271
21.005000 -0.53880944
21.030000 -0.53881115
21.055000 -0.53897656
21.080000 -0.5389856
21.105000 -0.53894906
21.130000 -0.53929887
21.155000 -0.53923594
21.180000 -0.53928336
21.205000 -0.53948018
21.230000 -0.539474
21.255000 -0.53954072
21.280000 -0.53974146
21.305000 -0.54011067
21.330000 -0.54000921
21.355000 -0.53991174
21.380000 -0.54011634
21.405000 -0.54042362
21.430000 -0.54056579
21.455000 -0.54053876
21.480000 -0.54046515
21.505000 -0.54054103
21.530000 -0.54085377
21.555000 -0.54060749
21.580000 -0.54066009
21.605000 -0.54087779
21.630000 -0.5408058
21.655000 -0.54079348
21.680000 -0.54085794
21.705000 -0.54104162
21.730000 -0.54106389
21.755000 -0.54108142
21.780000 -0.54108534
21.805000 -0.5412284
21.830000 -0.5413547
21.855000 -0.54109592
21.880000 -0.54124702
21.905000 -0.5413323
21.930000 -0.54169657
21.955000 -0.54165834
21.980000 -0.54160335
22.005000 -0.5414724
22.030000 -0.54170758
22.055000 -0.541821
22.080000 -0.5417927
22.105000 -0.54176563
22.130000 -0.54182016
22.155000 -0.54181165
22.180000 -0.54214678
22.205000 -0.54216017
22.230000 -0.54211873
22.255000 -0.54199992
22.280000 -0.54205832
22.305000 -0.5422558
22.330000 -0.54202881
22.355000 -0.54196363
22.379999 -0.54229552
22.404999 -0.54238934
22.429999 -0.54236279
22.454999 -0.54196001
22.479999 -0.54206912
22.504999 -0.54211185
22.529999 -0.54217799
22.554999 -0.54196896
22.579999 -0.54203292
22.604999 -0.54225828
22.629999 -0.54232717
22.654999 -0.54204923
22.679999 -0.54224048
22.704999 -0.54200169
22.729999 -0.54254698
22.754999 -0.54223492
22.779999 -0.54222165
22.804999 -0.54191174
22.829999 -0.54216585
22.854999 -0.54215477
22.879999 -0.54193765
22.904999 -0.54151716
22.929999 -0.54156298
22.954999 -0.54146016
22.979999 -0.54142755
23.004999 -0.54147884
23.029999 -0.54126765
23.054999 -0.54114691
23.079999 -0.54118852
23.104999 -0.54126837
23.129999 -0.54097186
23.154999 -0.54105452
23.179999 -0.54091724
23.204999 -0.54077136
23.229999 -0.54078413
23.254999 -0.54071929
23.279999 -0.54063312
23.304999 -0.54066068
23.329999 -0.54079659
23.354999 -0.54034713
23.379999 -0.54029494
23.404999 -0.54022297
23.429999 -0.54017467
23.454999 -0.54009128
23.479999 -0.53954279
23.504999 -0.53987028
23.529999 -0.53958722
23.554999 -0.53961163
23.579999 -0.53933294
23.604999 -0.53917267
23.629999 -0.5392574
23.654999 -0.53913986
23.679999 -0.53892936
23.704999 -0.53875805
23.729999 -0.53925159
23.754999 -0.53877607
23.779999 -0.53863407
23.804999 -0.53835538
23.829999 -0.53853476
23.854999 -0.53830792
23.879999 -0.53798171
23.904999 -0.53798902
23.929999 -0.53767643
23.954999 -0.5375446
23.979999 -0.53742186
24.004999 -0.53746523
24.029999 -0.53720953
24.054999 -0.53699453
24.079999 -0.53697108
24.104999 -0.53682126
24.129999 -0.53655118
24.154999 -0.53637701
24.179999 -0.53635176
24.204999 -0.53619194
24.229999 -0.5360104
24.254999 -0.53579168
24.279999 -0.53575442
24.304999 -0.53545891
24.329999 -0.53521682
24.354999 -0.53498729
24.379999 -0.53476234
24.404999 -0.53452349
24.429999 -0.53434701
24.454999 -0.53427033
24.479999 -0.53412661
24.504999 -0.53359057
24.529999 -0.53372123
24.554999 -0.53339587
24.579999 -0.53335832
24.604999 -0.5328756
24.629999 -0.53251682
24.654999 -0.53192842
24.679999 -0.53188938
24.704999 -0.53149247
24.729999 -0.53115689
24.754999 -0.53092171
24.779999 -0.53054031
24.804999 -0.53020708
24.829999 -0.52997075
24.854999 -0.5296563
24.879999 -0.52939573
24.904999 -0.52910225
24.929999 -0.52871479
24.954999 -0.5285802
24.979999 -0.5281909
25.004999 -0.52771039
25.029999 -0.52740073
25.054999 -0.52706026
25.079999 -0.52685937
25.104999 -0.52625013
25.129999 -0.52604208
25.154999 -0.52578251
25.179999 -0.52526031
25.204999 -0.52490782
25.229999 -0.52467652
25.254999 -0.52474416
25.279999 -0.52404698
25.304999 -0.52357814
25.329999 -0.52314126
25.354999 -0.52282585
25.379999 -0.52257248
25.404999 -0.52187036
25.429999 -0.52165493
25.454999 -0.52121487
25.479999 -0.52092204
25.504999 -0.52020298
25.529999 -0.52008897
25.554999 -0.5196609
25.579999 -0.51935207
25.604999 -0.51909634
25.629999 -0.5184527
25.654999 -0.51812505
25.679999 -0.51804873
25.704999 -0.51759889
25.729999 -0.51675513
25.754999 -0.51624856
25.779999 -0.5159133
25.804999 -0.51562162
25.829999 -0.51508765
25.854999 -0.51496539
25.879999 -0.51387656
25.904999 -0.51385868
25.929999 -0.51295254
25.954999 -0.51221224
25.979999 -0.51162838
26.004999 -0.51133368
26.029999 -0.51056741
26.054999 -0.51029918
26.079999 -0.50935626
26.104999 -0.50876415
26.129999 -0.50830544
26.154999 -0.50784806
26.179999 -0.50749353
26.204999 -0.50676047
26.229999 -0.50608913
26.254999 -0.50566564
26.279999 -0.50500248
26.304999 -0.50436199
26.329999 -0.5035671
26.354999 -0.50308809
26.379999 -0.50268432
26.404999 -0.5018126
26.429999 -0.50135415
26.454999 -0.50130789
26.479999 -0.50042777
26.504999 -0.49943128
26.529999 -0.49938938
26.554999 -0.49839228
26.579999 -0.49719875
26.604999 -0.49685956
26.629999 -0.49643094
26.654999 -0.49588821
26.679999 -0.49533697
26.704999 -0.49468756
26.729999 -0.49400287
26.754999 -0.49352997
26.779999 -0.49236556
26.804999 -0.49217569
26.829999 -0.49114092
26.854999 -0.49066117
26.879999 -0.49023478
26.904999 -0.48967123
26.929999 -0.48854699
26.954999 -0.4880566
26.979999 -0.48716575
27.004999 -0.48612587
27.029999 -0.48563012
27.054999 -0.48435185
27.079999 -0.4836702
27.104999 -0.48303047
27.129999 -0.4822443
27.154999 -0.48138673
27.179999 -0.4805989
27.204999 -0.48003323
27.229999 -0.47920341
27.254999 -0.4780984
27.279999 -0.47722847
27.304999 -0.47645297
27.329999 -0.47559557
27.354999 -0.47473913
27.379999 -0.47396832
27.404999 -0.47285397
27.429999 -0.47172339
27.454999 -0.47140227
27.479999 -0.47092303
27.504999 -0.46933767
27.529999 -0.468667
27.554999 -0.46836521
27.579999 -0.46749773
27.604999 -0.46622807
27.629999 -0.46560344
27.654999 -0.46429579
27.679999 -0.46331803
27.704999 -0.46282346
27.729999 -0.46194034
27.754999 -0.46080423
27.779999 -0.4603682
27.804999 -0.45914823
27.829999 -0.45875124
27.854999 -0.45723611
27.879999 -0.45678671
27.904999 -0.4557578
27.929999 -0.45468852
27.954999 -0.45371234
27.979999 -0.45234144
28.004999 -0.4517824
28.029999 -0.45048772
28.054999 -0.44936162
28.079999 -0.44844223
28.104999 -0.44770754
28.129999 -0.44695102
28.154999 -0.44561963
28.179999 -0.44498097
28.204999 -0.44384174
28.229999 -0.44277958
28.254999 -0.44171542
28.279999 -0.44063312
28.304999 -0.4403745
28.329999 -0.43983985
28.354999 -0.4385837
28.379999 -0.43727564
28.404999 -0.43652238
28.429999 -0.43531021
28.454999 -0.43450945
28.479999 -0.43330662
28.504999 -0.43273888
28.529999 -0.43227326
28.554999 -0.43168395
28.579999 -0.43054108
28.604999 -0.42982216
28.629999 -0.42903746
28.654999 -0.42824586
28.679999 -0.42711512
28.704999 -0.42584589
28.729999 -0.42553617
28.754999 -0.42531141
28.779999 -0.42403551
28.804999 -0.42269351
28.829999 -0.42204392
28.854999 -0.42162754
28.879999 -0.42008691
28.904999 -0.41887807
28.929999 -0.41783466
28.954999 -0.41725214
28.979999 -0.416909
29.004999 -0.41539543
29.029999 -0.41442152
29.054999 -0.41389412
29.079999 -0.41287471
29.104999 -0.41168289
29.129999 -0.4105554
29.154999 -0.40990934
29.179999 -0.4098018
29.204999 -0.40888625
29.229999 -0.40729111
29.254999 -0.40615493
29.279999 -0.4054225
29.304999 -0.40442713
29.329999 -0.40302187
29.354999 -0.40257308
29.379999 -0.40168985
29.404999 -0.40105811
29.429999 -0.40032098
29.454999 -0.3993359
29.479999 -0.39831676
29.504999 -0.39713862
29.529999 -0.39626647
29.554999 -0.39506323
29.579999 -0.3945981
29.604999 -0.39365641
29.629999 -0.39264283
29.654999 -0.39118092
29.679999 -0.39037651
29.704999 -0.38938844
29.729999 -0.38878704
29.754999 -0.38775427
29.779999 -0.38678673
29.804999 -0.38590636
29.829999 -0.3850767
29.854999 -0.38387347
29.879999 -0.38302345
29.904999 -0.38211453
29.929999 -0.3811306
29.954999 -0.38010356
29.979999 -0.37950542
30.004999 -0.37909391
30.029999 -0.37785576
30.054999 -0.37694806
30.079999 -0.37605047
30.104999 -0.37528656
30.129999 -0.37431417
30.154999 -0.37362419
30.179999 -0.37264026
30.204999 -0.37214751
30.229999 -0.37123839
30.254999 -0.37059252
30.279999 -0.37002801
30.304999 -0.36920529
30.329999 -0.36832425
30.354999 -0.36767169
30.379999 -0.36708585
30.404999 -0.36625663
30.429999 -0.36549369
30.454999 -0.36452578
30.479999 -0.36348581
30.504999 -0.36297716
30.529999 -0.3620263
30.554999 -0.36135008
30.579999 -0.36059625
30.604999 -0.35994101
30.629999 -0.35934499
30.654999 -0.35860347
30.679999 -0.3576591
30.704999 -0.35722478
30.729999 -0.35628459
30.754999 -0.35551202
30.779999 -0.35472449
30.804999 -0.35404559
30.829999 -0.35382021
30.854999 -0.35338686
30.879999 -0.35234874
30.904999 -0.35154576
30.929999 -0.35102658
30.954999 -0.35040891
30.979999 -0.34954475
31.004999 -0.34886521
31.029999 -0.34847593
31.054999 -0.34791587
31.079999 -0.34745835
31.104999 -0.34691363
31.129999 -0.34668886
31.154999 -0.34614661
31.179999 -0.34534451
31.204999 -0.34435881
31.229999 -0.34405131
31.254999 -0.34368217
31.279999 -0.34326326
31.304999 -0.34255597
31.329999 -0.34184536
31.354999 -0.34129858
31.379999 -0.34086365
31.404999 -0.34006867
31.429999 -0.33972438
31.454999 -0.33918504
31.479999 -0.3389149
31.504999 -0.33855186
31.529999 -0.33784128
31.554999 -0.33713418
31.579999 -0.33663306
31.604999 -0.33618579
31.629999 -0.33560667
31.654999 -0.33528408
31.679999 -0.33463616
31.704999 -0.33429846
31.729999 -0.33417072
31.754999 -0.33381488
31.779999 -0.33335042
31.804999 -0.33271892
31.829999 -0.33246471
31.854999 -0.33228633
31.879999 -0.3318322
31.904999 -0.33164495
31.929999 -0.33124289
31.954999 -0.33077605
31.979999 -0.3303415
32.004999 -0.33012637
32.029999 -0.32979541
32.054999 -0.32951698
32.079999 -0.3291419
32.104999 -0.32871482
32.129999 -0.32872776
32.154999 -0.32855695
32.179999 -0.32807924
32.204999 -0.32754546
32.229999 -0.32729791
32.254999 -0.32670976
32.279999 -0.32654808
32.304999 -0.32607282
32.329999 -0.32584976
32.354999 -0.32555357
32.379999 -0.32539039
32.404999 -0.32497127
32.429999 -0.32499787
32.454999 -0.32452244
32.479999 -0.32403829
32.504999 -0.32382467
32.529999 -0.32375723
32.554999 -0.32348015
32.579999 -0.32328392
32.604999 -0.32300888
32.629999 -0.32265519
32.654999 -0.32250918
32.679999 -0.32243876
32.704999 -0.32206948
32.729999 -0.32186084
32.754999 -0.3216718
32.779999 -0.32155349
32.804999 -0.3214691
32.829999 -0.32133607
32.854999 -0.32113181
32.879999 -0.32111816
32.904999 -0.32105364
32.929999 -0.3206926
32.954999 -0.32077567
32.979999 -0.32068056
33.004999 -0.32036558
33.029999 -0.32013275
33.054999 -0.31981385
33.079999 -0.31993802
33.104999 -0.31992192
33.129999 -0.31958698
33.154999 -0.31973071
33.179999 -0.31931804
33.204999 -0.3191273
33.229999 -0.31897358
33.254999 -0.31889176
33.279999 -0.31858009
33.304999 -0.31850152
33.329999 -0.31839881
33.354999 -0.31829608
33.379999 -0.31819888
33.404999 -0.31837088
33.429999 -0.31797319
33.454999 -0.31767491
33.479999 -0.31750197
33.504999 -0.3174721
33.529999 -0.31726878
33.554999 -0.31709085
33.579999 -0.31711503
33.604999 -0.31687544
33.629999 -0.31684371
33.654999 -0.31704016
33.679999 -0.31713659
33.704999 -0.31702701
33.729999 -0.31694934
33.754999 -0.31673841
33.779999 -0.31686902
33.804999 -0.31711068
33.829999 -0.31685877
33.854999 -0.31679087
33.879999 -0.31674018
33.904999 -0.31681103
33.929999 -0.3168905
33.954999 -0.31682248
33.979999 -0.31674798
34.004999 -0.31704085
34.029999 -0.31698027
34.054999 -0.31683431
34.079999 -0.31674147
34.104999 -0.31685872
34.129999 -0.3169397
34.154999 -0.31709201
34.179999 -0.31709881
34.204999 -0.31678934
34.229999 -0.31653052
34.254999 -0.31651281
34.279999 -0.31655467
34.304999 -0.31649153
34.329999 -0.31645404
34.354999 -0.31652988
34.379999 -0.31647035
34.404999 -0.31650709
34.429999 -0.31661117
34.454999 -0.31661346
34.479999 -0.31668266
34.504999 -0.31635276
34.529999 -0.31658896
34.554999 -0.3167767
34.579999 -0.31657324
34.604999 -0.31650596
34.629999 -0.31653719
34.654999 -0.31667803
34.679999 -0.31696733
34.704999 -0.31693371
34.729999 -0.3168917
34.754999 -0.31667134
34.779999 -0.31680889
34.804999 -0.31685667
34.829999 -0.31679103
34.854999 -0.31676313
34.879999 -0.3169614
34.904999 -0.31698365
34.929999 -0.31721003
34.954999 -0.31738339
34.979999 -0.31759909
35.004999 -0.31776278
35.029999 -0.31791525
35.054999 -0.31790328
35.079999 -0.31806477
35.104999 -0.31791818
35.129999 -0.31820277
35.154999 -0.31817325
35.179999 -0.31822003
35.204999 -0.31835218
35.229999 -0.31846393
35.254999 -0.31886265
35.279999 -0.31905322
35.304999 -0.31889904
35.329999 -0.31919637
35.354999 -0.31908319
35.379999 -0.31888377
35.404999 -0.31880396
35.429999 -0.31918975
35.454999 -0.31884951
35.479999 -0.31901554
35.504999 -0.31904067
35.529999 -0.3191729
35.554999 -0.3192391
35.579999 -0.31942715
35.604999 -0.31962056
35.629999 -0.3197405
35.654999 -0.31977674
35.679999 -0.31958578
35.704999 -0.32003576
35.729999 -0.32015901
35.754999 -0.32007677
35.779999 -0.32014555
35.804999 -0.32018418
35.829999 -0.32037263
35.854999 -0.32077494
35.879999 -0.32083858
35.904999 -0.32087021
35.929999 -0.32084123
35.954999 -0.3209486
35.979999 -0.32095778
36.004999 -0.32097162
36.029999 -0.32119901
36.054999 -0.32148285
36.079999 -0.32160971
36.104999 -0.32170328
36.129999 -0.32211069
36.154999 -0.32222791
36.179999 -0.32250496
36.204999 -0.32271139
36.229999 -0.32291284
36.254999 -0.32290553
36.279999 -0.32307738
36.304999 -0.32321826
36.329999 -0.3233433
36.354999 -0.32370538
36.379999 -0.32396589
36.404999 -0.32387333
36.429999 -0.32396443
36.454999 -0.32415239
36.479999 -0.32437873
36.504999 -0.32470132
36.529999 -0.32482054
36.554999 -0.32476503
36.579999 -0.32498146
36.604999 -0.32505063
36.629999 -0.32507379
36.654999 -0.32513124
36.679999 -0.32514386
36.704999 -0.32521756
36.729999 -0.32525034
36.754999 -0.32569551
36.779999 -0.32580332
36.804999 -0.32577624
36.829999 -0.32607444
36.854999 -0.32619613
36.879999 -0.32635709
36.904999 -0.32656814
36.929999 -0.32699661
36.954999 -0.32686919
36.979999 -0.32692639
37.004999 -0.32681287
37.029999 -0.32713705
37.054999 -0.32714657
37.079999 -0.32723668
37.104999 -0.32743871
37.129999 -0.3275652
37.154999 -0.32766352
37.179999 -0.32793853
37.204999 -0.32850718
37.229999 -0.3286078
37.254999 -0.32864793
37.279999 -0.32882804
37.304999 -0.32885616
37.329999 -0.32896056
37.354999 -0.3291843
37.379999 -0.32934122
37.404999 -0.32960099
37.429999 -0.3296934
37.454999 -0.32991133
37.479999 -0.33011999
37.504999 -0.33040891
37.529999 -0.33044975
37.554999 -0.33061302
37.579999 -0.33098345
37.604999 -0.33111847
37.629999 -0.33140927
37.654999 -0.33141826
37.679999 -0.33188423
37.704999 -0.33215402
37.729999 -0.33236103
37.754999 -0.33225805
37.779999 -0.33252216
37.804999 -0.3328185
37.829999 -0.33268961
37.854999 -0.33301311
37.879999 -0.33323029
37.904999 -0.33337241
37.929999 -0.33368411
37.954999 -0.33400496
37.979999 -0.3342429
38.004999 -0.33429812
38.029999 -0.33471469
38.054999 -0.33488893
38.079999 -0.33452654
38.104999 -0.33474675
38.129999 -0.33469231
38.154999 -0.33493198
38.179999 -0.33510957
38.204999 -0.33509468
38.229999 -0.3351853
38.254999 -0.33562945
38.279999 -0.33590035
38.304999 -0.33588831
38.329999 -0.33622294
38.354999 -0.33628768
38.379999 -0.33639923
38.404999 -0.3365028
38.429999 -0.33698492
38.454999 -0.33721927
38.479999 -0.33747464
38.504999 -0.33748713
38.529999 -0.33719572
38.554999 -0.33749562
38.579999 -0.3377881
38.604999 -0.33794939
38.629999 -0.33797226
38.654999 -0.33805887
38.679999 -0.33824834
38.704999 -0.33854454
38.729999 -0.33865925
38.754999 -0.33900254
38.779999 -0.33896328
38.804999 -0.33904959
38.829999 -0.3392097
38.854999 -0.33972339
38.879999 -0.34017086
38.904999 -0.34044296
38.929999 -0.34041469
38.954999 -0.3403644
38.979999 -0.34048805
39.004999 -0.34049513
39.029999 -0.34055045
39.054999 -0.34083545
39.079999 -0.341124
39.104999 -0.34126653
39.129999 -0.34137027
39.154999 -0.34172589
39.179999 -0.34209178
39.204999 -0.34203626
39.229999 -0.34211424
39.254999 -0.34230504
39.279999 -0.34238619
39.304999 -0.34272582
39.329999 -0.34279943
39.354999 -0.34308922
39.379999 -0.34327694
39.404999 -0.34362854
39.429999 -0.34377425
39.454999 -0.34386131
39.479999 -0.34400539
39.504999 -0.34428122
39.529999 -0.34457599
39.554999 -0.34468207
39.579999 -0.34495927
39.604999 -0.34501208
39.629999 -0.34527697
39.654999 -0.34541854
39.679999 -0.34526465
39.704999 -0.3455287
39.729999 -0.34577272
39.754999 -0.34581227
39.779999 -0.3460054
39.804999 -0.34621242
39.829999 -0.34650602
39.854999 -0.34685812
39.879999 -0.34700584
39.904999 -0.34698054
39.929999 -0.34704601
39.954999 -0.34758606
39.979999 -0.3479604
