0.005000 1.9091525
0.030000 1.9091524
0.055000 1.9091524
0.080000 1.9091526
0.105000 1.9091533
0.130000 1.9091505
0.155000 1.9091465
0.180000 1.9091401
0.205000 1.9091277
0.230000 1.9091113
0.255000 1.9090836
0.280000 1.9090509
0.305000 1.9090134
0.330000 1.9089748
0.355000 1.9089337
0.380000 1.9088901
0.405000 1.9088458
0.430000 1.9088005
0.455000 1.9087545
0.480000 1.9086991
0.505000 1.9086422
0.530000 1.908594
0.555000 1.9085525
0.580000 1.9085114
0.605000 1.9084741
0.630000 1.9084355
0.655000 1.9083862
0.680000 1.9083453
0.705000 1.9083073
0.730000 1.9082713
0.755000 1.9082311
0.780000 1.9081939
0.805000 1.9081481
0.830000 1.9080969
0.855000 1.9080419
0.880000 1.9079838
0.905000 1.9079225
0.930000 1.9078674
0.955000 1.9078184
0.980000 1.9077661
1.005000 1.9076973
1.030000 1.9076236
1.055000 1.9075455
1.080000 1.9074663
1.105000 1.9073676
1.130000 1.9072542
1.155000 1.9071477
1.180000 1.9070486
1.205000 1.9069536
1.230000 1.9068548
1.255000 1.9067521
1.280000 1.9066472
1.305000 1.9065317
1.330000 1.9064176
1.355000 1.9063042
1.380000 1.9062006
1.405000 1.9060942
1.430000 1.9059963
1.455000 1.9059287
1.480000 1.905875
1.505000 1.9058618
1.530000 1.905846
1.555000 1.905833
1.580000 1.905832
1.605000 1.9058181
1.630000 1.9057923
1.655000 1.9057752
1.680000 1.9057654
1.705000 1.9057379
1.730000 1.9057181
1.755000 1.9057273
1.780000 1.9057605
1.805000 1.9058204
1.830000 1.9059005
1.855000 1.9059747
1.880000 1.9060894
1.905000 1.9062171
1.930000 1.9062953
1.955000 1.9063515
1.980000 1.9064
2.005000 1.9064588
2.030000 1.9065186
2.055000 1.9065728
2.080000 1.906608
2.105000 1.9066368
2.130000 1.9066638
2.155000 1.9066829
2.180000 1.9067234
2.205000 1.9067192
2.230000 1.9066896
2.255000 1.9066272
2.280000 1.9065493
2.305000 1.9064826
2.330000 1.9063996
2.355000 1.9063331
2.380000 1.9062509
2.405000 1.90615
2.430000 1.9060312
2.455000 1.9059273
2.480000 1.9058634
2.505000 1.9058109
2.530000 1.9057407
2.555000 1.9057167
2.580000 1.9056883
2.605000 1.9056457
2.630000 1.9056132
2.655000 1.9056022
2.680000 1.9056288
2.705000 1.9056992
2.730000 1.9057756
2.755000 1.905876
2.780000 1.9060026
2.805000 1.9060803
2.830000 1.90616
2.855000 1.9062704
2.880000 1.9063723
2.905000 1.9064879
2.930000 1.9065596
2.955000 1.9066431
2.980000 1.9067389
3.005000 1.9067954
3.030000 1.9068039
3.055000 1.9067741
3.080000 1.9067523
3.105000 1.9067056
3.130000 1.9066824
3.155000 1.9066235
3.180000 1.9065464
3.205000 1.9065029
3.230000 1.9064527
3.255000 1.9063867
3.280000 1.906326
3.305000 1.9063058
3.330000 1.9063078
3.355000 1.9062856
3.380000 1.9062925
3.405000 1.9063702
3.430000 1.9064616
3.455000 1.9065903
3.480000 1.9067207
3.505000 1.9068345
3.530000 1.9069578
3.555000 1.9071048
3.580000 1.9072746
3.605000 1.9074326
3.630000 1.9075955
3.655000 1.9077458
3.680000 1.9078476
3.705000 1.9079009
3.730000 1.907935
3.755000 1.9079484
3.780000 1.9079965
3.805000 1.9079862
3.830000 1.9080241
3.855000 1.9080226
3.880000 1.9080011
3.905000 1.908009
3.930000 1.9080089
3.955000 1.9080639
3.980000 1.9080882
4.005000 1.9081662
4.030000 1.9082838
4.055000 1.9084511
4.080000 1.908629
4.105000 1.9088212
4.130000 1.9089763
4.155000 1.9091984
4.180000 1.9094332
4.205000 1.9097008
4.230000 1.9099446
4.255000 1.9101293
4.280000 1.910267
4.305000 1.9103767
4.330000 1.9104986
4.355000 1.9106093
4.380000 1.9107628
4.405000 1.9108471
4.430000 1.9109071
4.455000 1.9109663
4.480000 1.9110449
4.505000 1.9111434
4.530000 1.9112474
4.555000 1.9113652
4.580000 1.9115396
4.605000 1.9117877
4.630000 1.9120384
4.655000 1.9122518
4.680000 1.9125207
4.705000 1.9128482
4.730000 1.9131778
4.755000 1.9135148
4.780000 1.9137967
4.805000 1.9139775
4.830000 1.9141485
4.855000 1.9143457
4.880000 1.9146079
4.905000 1.9148172
4.930000 1.9149594
4.955000 1.9151221
4.980000 1.9152593
5.005000 1.915429
5.030000 1.9155748
5.055000 1.915723
5.080000 1.9159348
5.105000 1.9162463
5.130000 1.916527
5.155000 1.9168376
5.180000 1.9171891
5.205000 1.9175626
5.230000 1.9179896
5.255000 1.9183964
5.280000 1.9186819
5.305000 1.9189289
5.330000 1.9191911
5.355000 1.9195323
5.380000 1.9198036
5.405000 1.9200255
5.430000 1.9202674
5.455000 1.920475
5.480000 1.9207127
5.505000 1.9208787
5.530000 1.9210819
5.555000 1.9213781
5.580000 1.9217628
5.605000 1.9220728
5.630000 1.9224774
5.655000 1.9229222
5.680000 1.9233318
5.705000 1.9238309
5.730000 1.9242088
5.755000 1.9245019
5.780000 1.9248375
5.805000 1.9252134
5.830000 1.9255392
5.855000 1.9258859
5.880000 1.9261818
5.905000 1.9264314
5.930000 1.9267277
5.955000 1.9269139
5.980000 1.92717
6.005000 1.9275377
6.030000 1.9279045
6.055000 1.9282905
6.080000 1.9287906
6.105000 1.9292204
6.130000 1.9297232
6.155000 1.930175
6.180000 1.9305328
6.205000 1.9309222
6.230000 1.9313372
6.255000 1.9316928
6.280000 1.9321005
6.305000 1.9324431
6.330000 1.9327054
6.355000 1.9330278
6.380000 1.9332288
6.405000 1.9335136
6.430000 1.9338747
6.455000 1.9342373
6.480000 1.9346565
6.505000 1.9351469
6.530000 1.9355854
6.555000 1.9361016
6.580000 1.9365128
6.605000 1.936939
6.630000 1.9374068
6.655000 1.9377982
6.680000 1.9381755
6.705000 1.938652
6.730000 1.9389888
6.755000 1.9393156
6.780000 1.9395744
6.805000 1.9398675
6.830000 1.940221
6.855000 1.9405904
6.880000 1.9410621
6.905000 1.9415638
6.930000 1.9420676
6.955000 1.9425476
6.980000 1.9429966
7.005000 1.9434794
7.030000 1.9439734
7.055000 1.9443907
7.080000 1.9448657
7.105000 1.9453358
7.130000 1.945702
7.155000 1.9460303
7.180000 1.9463208
7.205000 1.946693
7.230000 1.9470571
7.255000 1.9475155
7.280000 1.9480761
7.305000 1.9485986
7.330000 1.9491403
7.355000 1.9495922
7.380000 1.9500893
7.405000 1.9506148
7.430000 1.9510846
7.455000 1.9515542
7.480000 1.952113
7.505000 1.9525327
7.530000 1.9528948
7.555000 1.953198
7.580000 1.9535758
7.605000 1.953959
7.630000 1.9544126
7.655000 1.955002
7.680000 1.955562
7.705000 1.9561451
7.730000 1.9565903
7.755000 1.9571527
7.780000 1.9577042
7.805000 1.9581821
7.830000 1.9587124
7.855000 1.9592612
7.880000 1.9597056
7.905000 1.9600854
7.930000 1.9604105
7.955000 1.9608341
7.980000 1.9612454
8.005000 1.9617518
8.030000 1.9623656
8.055000 1.9629615
8.080000 1.9635188
8.105000 1.9639901
8.130000 1.964604
8.155000 1.9651579
8.180000 1.9656411
8.205000 1.9662313
8.230000 1.9667808
8.255000 1.9672189
8.280000 1.9675532
8.305000 1.9679294
8.330000 1.9683667
8.355000 1.9688094
8.380000 1.9694174
8.405000 1.9700023
8.430000 1.9706061
8.455000 1.9710337
8.480000 1.9716174
8.505000 1.9721636
8.530000 1.9726395
8.555000 1.9732133
8.580000 1.9738065
8.605000 1.9742345
8.630000 1.9745695
8.655000 1.9749049
8.680000 1.9753106
8.705000 1.9757102
8.730000 1.9762709
8.755000 1.9768361
8.780000 1.9774243
8.805000 1.9777966
8.830000 1.9783515
8.855000 1.9788444
8.880000 1.9792715
8.905000 1.9798178
8.930000 1.9803487
8.955000 1.9807142
8.980000 1.9810003
9.005000 1.9813033
9.030000 1.9816768
9.055000 1.9820607
9.080000 1.9825846
9.105000 1.9831402
9.130000 1.9836701
9.155000 1.9840404
9.180000 1.9845873
9.205000 1.9850234
9.230000 1.9854594
9.255000 1.9859965
9.280000 1.9864536
9.305000 1.9867943
9.330000 1.9870269
9.355000 1.98738
9.380000 1.9877012
9.405000 1.9881288
9.430000 1.9886489
9.455000 1.9892337
9.480000 1.9896274
9.505000 1.9900429
9.530000 1.9905212
9.555000 1.9908673
9.580000 1.9913758
9.605000 1.9918787
9.630000 1.9921736
9.655000 1.992449
9.680000 1.9926858
9.705000 1.993018
9.730000 1.9933447
9.755000 1.9938031
9.780000 1.9943721
9.805000 1.9948576
9.830000 1.9952288
9.855000 1.9957134
9.880000 1.9960706
9.905000 1.9965481
9.930000 1.9970604
9.955000 1.9973962
9.980000 1.9977281
10.005000 1.9979293
10.030000 1.9982799
10.055000 1.9986256
10.080000 1.999098
10.105000 1.9996809
10.130000 2.0002378
10.155000 2.0006399
10.180000 2.001081
10.205000 2.0014564
10.230000 2.0018824
10.255000 2.0023966
10.280000 2.0028081
10.305000 2.0031503
10.330000 2.0033732
10.355000 2.0037415
10.380000 2.0041288
10.405000 2.0046227
10.430000 2.0051729
10.455000 2.0057739
10.480000 2.0062173
10.505000 2.0066488
10.530000 2.0070382
10.555000 2.0075034
10.580000 2.0079871
10.605000 2.0084118
10.630000 2.0087855
10.655000 2.0090523
10.680000 2.0094861
10.705000 2.0099534
10.730000 2.0104647
10.755000 2.0110475
10.780000 2.0117113
10.805000 2.0121204
10.830000 2.0125142
10.855000 2.0129085
10.880000 2.0133814
10.905000 2.0138489
10.930000 2.0142877
10.955000 2.0146576
10.980000 2.0149776
11.005000 2.0154839
11.030000 2.0159648
11.055000 2.0164478
11.080000 2.0171117
11.105000 2.0176885
11.130000 2.0180315
11.155000 2.0184304
11.180000 2.0187978
11.205000 2.019239
11.230000 2.0197559
11.255000 2.0201665
11.280000 2.0205725
11.305000 2.0209915
11.330000 2.0215014
11.355000 2.0220447
11.380000 2.0226379
11.405000 2.0233227
11.430000 2.0237947
11.455000 2.0242199
11.480000 2.0246262
11.505000 2.0250337
11.530000 2.0255576
11.555000 2.0261533
11.580000 2.026671
11.605000 2.0271274
11.630000 2.0276848
11.655000 2.0283086
11.680000 2.0289557
11.705000 2.0296036
11.730000 2.030264
11.755000 2.0307481
11.780000 2.0311836
11.805000 2.0316171
11.830000 2.0321711
11.855000 2.0329027
11.880000 2.0335774
11.905000 2.0341451
11.930000 2.0346847
11.955000 2.0354037
11.980000 2.0361419
12.005000 2.0367567
12.030000 2.0375203
12.055000 2.0381167
12.080000 2.0385865
12.105000 2.0391037
12.130000 2.0397442
12.155000 2.0405477
12.180000 2.0414197
12.205000 2.0420752
12.230000 2.0427714
12.255000 2.0435268
12.280000 2.0442736
12.305000 2.0449907
12.330000 2.0457923
12.355000 2.0464935
12.380000 2.0470841
12.405000 2.0476978
12.430000 2.0484864
12.455000 2.0493141
12.480000 2.0503295
12.505000 2.0511562
12.530000 2.0519852
12.555000 2.0527503
12.580000 2.0536086
12.605000 2.0544985
12.630000 2.0553491
12.655000 2.0562163
12.680000 2.0570635
12.705000 2.0578916
12.730000 2.0587715
12.755000 2.0597626
12.780000 2.0609283
12.805000 2.0619838
12.830000 2.0628325
12.855000 2.0637119
12.880000 2.0647051
12.905000 2.0656822
12.930000 2.066644
12.955000 2.0677807
12.980000 2.0688985
13.005000 2.0698601
13.030000 2.0709162
13.055000 2.0720985
13.080000 2.0733759
13.105000 2.0745549
13.130000 2.0755535
13.155000 2.0766077
13.180000 2.0776968
13.205000 2.0788923
13.230000 2.0801019
13.255000 2.0814684
13.280000 2.0827209
13.305000 2.0839022
13.330000 2.085115
13.355000 2.0863572
13.380000 2.0877474
13.405000 2.0891044
13.430000 2.0902509
13.455000 2.0914482
13.480000 2.0927913
13.505000 2.0942492
13.530000 2.0956476
13.555000 2.0972397
13.580000 2.0987383
13.605000 2.1001307
13.630000 2.1014686
13.655000 2.1029453
13.680000 2.1045617
13.705000 2.1061432
13.730000 2.1075532
13.755000 2.1090929
13.780000 2.1107849
13.805000 2.1125015
13.830000 2.1142686
13.855000 2.1161809
13.880000 2.1179066
13.905000 2.1195186
13.930000 2.1211505
13.955000 2.122889
13.980000 2.1247917
14.005000 2.1266527
14.030000 2.1284548
14.055000 2.1303093
14.080000 2.132372
14.105000 2.1343969
14.130000 2.1364567
14.155000 2.1386144
14.180000 2.1406561
14.205000 2.1425872
14.230000 2.1446101
14.255000 2.1467267
14.280000 2.1491096
14.305000 2.1513451
14.330000 2.1535748
14.355000 2.1558571
14.380000 2.1583189
14.405000 2.1606521
14.430000 2.1630836
14.455000 2.1656027
14.480000 2.1680174
14.505000 2.1702865
14.530000 2.1727672
14.555000 2.175339
14.580000 2.1781284
14.605000 2.180774
14.630000 2.1834264
14.655000 2.1861659
14.680000 2.189046
14.705000 2.1918513
14.730000 2.1948562
14.755000 2.1978766
14.780000 2.2007968
14.805000 2.2036576
14.830000 2.2067512
14.855000 2.2099536
14.880000 2.2132799
14.905000 2.216439
14.930000 2.2196696
14.955000 2.2231056
14.980000 2.2265613
15.005000 2.2300614
15.030000 2.2337107
15.055000 2.2373815
15.080000 2.2409691
15.105000 2.2445549
15.130000 2.2483203
15.155000 2.2522665
15.180000 2.2561999
15.205000 2.2600807
15.230000 2.2641209
15.255000 2.2683348
15.280000 2.2724751
15.305000 2.2768863
15.330000 2.2813386
15.355000 2.2857223
15.380000 2.2901005
15.405000 2.2945406
15.430000 2.2991593
15.455000 2.3040042
15.480000 2.3087825
15.505000 2.3135241
15.530000 2.3185546
15.555000 2.3236808
15.580000 2.3288629
15.605000 2.334197
15.630000 2.339576
15.655000 2.3448206
15.680000 2.3501398
15.705000 2.3556316
15.730000 2.3613256
15.755000 2.3670936
15.780000 2.3728496
15.805000 2.3787332
15.830000 2.3848832
15.855000 2.3910527
15.880000 2.3974393
15.905000 2.4038485
15.930000 2.4102976
15.955000 2.4166946
15.980000 2.4231513
16.005000 2.429862
16.030000 2.436775
16.055000 2.4437567
16.080000 2.4507709
16.105000 2.4580272
16.130000 2.4653279
16.155000 2.472911
16.180000 2.4805854
16.205000 2.488208
16.230000 2.4957901
16.255000 2.5034473
16.280000 2.511311
16.305000 2.5194613
16.330000 2.5277365
16.355000 2.5359395
16.380000 2.5444643
16.405000 2.5532365
16.430000 2.5620556
16.455000 2.5709286
16.480000 2.5799746
16.505000 2.5889909
16.530000 2.5980124
16.555000 2.6072808
16.580000 2.6167532
16.605000 2.6264733
16.630000 2.6362979
16.655000 2.6462995
16.680000 2.6564718
16.705000 2.6669039
16.730000 2.6774738
16.755000 2.6881647
16.780000 2.6988517
16.805000 2.7095892
16.830000 2.7205606
16.855000 2.7317583
16.880000 2.7431626
16.905000 2.7547082
16.930000 2.7664878
16.955000 2.778476
16.980000 2.7907493
17.005000 2.8032835
17.030000 2.8158495
17.055000 2.8284304
17.080000 2.8411594
17.105000 2.8539884
17.130000 2.8670068
17.155000 2.8803743
17.180000 2.8939688
17.205000 2.9077932
17.230000 2.9218738
17.255000 2.9364539
17.280000 2.951209
17.305000 2.9660034
17.330000 2.980728
17.355000 2.9955817
17.380000 3.010641
17.405000 3.0258704
17.430000 3.0414845
17.455000 3.0574246
17.480000 3.073618
17.505000 3.0900878
17.530000 3.1072731
17.555000 3.1244403
17.580000 3.1414841
17.605000 3.1586977
17.630000 3.1760659
17.655000 3.1935973
17.680000 3.2113323
17.705000 3.2295702
17.730000 3.248238
17.755000 3.2671182
17.780000 3.2861968
17.805000 3.3057992
17.830000 3.3256504
17.855000 3.3449247
17.880000 3.3643796
17.905000 3.3839584
17.930000 3.4036973
17.955000 3.4234812
17.980000 3.4436839
18.005000 3.464184
18.030000 3.4847653
18.055000 3.5056828
18.080000 3.5267147
18.105000 3.5469428
18.130000 3.5669965
18.155000 3.5870748
18.180000 3.6074086
18.205000 3.6282556
18.230000 3.6494904
18.255000 3.6710937
18.280000 3.6929224
18.305000 3.7152289
18.330000 3.7376458
18.355000 3.7599352
18.380000 3.7824785
18.405000 3.8049189
18.430000 3.8276615
18.455000 3.8507791
18.480000 3.8741124
18.505000 3.8977459
18.530000 3.9217255
18.555000 3.9460515
18.580000 3.970332
18.605000 3.9948296
18.630000 4.0192595
18.655000 4.0438138
18.680000 4.0687224
18.705000 4.0940605
18.730000 4.119513
18.755000 4.1451235
18.780000 4.1713137
18.805000 4.1975769
18.830000 4.2240409
18.855000 4.2505638
18.880000 4.2771278
18.905000 4.3040488
18.930000 4.331263
18.955000 4.3589642
18.980000 4.386507
19.005000 4.4144784
19.030000 4.4427358
19.055000 4.471088
19.080000 4.4998033
19.105000 4.5286183
19.130000 4.5575965
19.155000 4.5868815
19.180000 4.616466
19.205000 4.6462109
19.230000 4.6761885
19.255000 4.7062759
19.280000 4.7367345
19.305000 4.7675238
19.330000 4.798338
19.355000 4.8294477
19.380000 4.8607097
19.405000 4.8923115
19.430000 4.9241829
19.455000 4.9562418
19.480000 4.9884302
19.505000 5.0209234
19.530000 5.0536521
19.555000 5.0865389
19.580000 5.1197838
19.605000 5.1532864
19.630000 5.1870831
19.655000 5.2211199
19.680000 5.2555328
19.705000 5.2899537
19.730000 5.324579
19.755000 5.3597022
19.780000 5.3950299
19.805000 5.4306447
19.830000 5.4666257
19.855000 5.5029545
19.880000 5.5394125
19.905000 5.5761976
19.930000 5.613432
19.955000 5.6505902
19.980000 5.6882324
20.005000 5.7262002
20.030000 5.7644864
20.055000 5.803231
20.080000 5.8422798
20.105000 5.8815113
20.130000 5.9208878
20.155000 5.9607315
20.180000 6.0005591
20.205000 6.0405765
20.230000 6.0813137
20.255000 6.1223144
20.280000 6.1637543
20.305000 6.2057551
20.330000 6.247961
20.355000 6.2903553
20.380000 6.3329962
20.405000 6.375872
20.430000 6.4186743
20.455000 6.4619833
20.480000 6.5059679
20.505000 6.5502759
20.530000 6.5950662
20.555000 6.6402799
20.580000 6.685659
20.605000 6.7311117
20.630000 6.7769891
20.655000 6.8229526
20.680000 6.8692004
20.705000 6.9162736
20.730000 6.9636607
20.755000 7.0115026
20.780000 7.059594
20.805000 7.1080361
20.830000 7.1567709
20.855000 7.2056615
20.880000 7.2549356
20.905000 7.3044468
20.930000 7.3545072
20.955000 7.4050056
20.980000 7.4559077
21.005000 7.5070119
21.030000 7.5584632
21.055000 7.6105412
21.080000 7.662781
21.105000 7.7153383
21.130000 7.7683635
21.155000 7.8215947
21.180000 7.8754762
21.205000 7.9297092
21.230000 7.9841303
21.255000 8.0387129
21.280000 8.0942465
21.305000 8.1499952
21.330000 8.2060219
21.355000 8.2626003
21.380000 8.3193074
21.405000 8.3767828
21.430000 8.4343723
21.455000 8.4923689
21.480000 8.5505935
21.505000 8.6094557
21.530000 8.668789
21.555000 8.7285109
21.580000 8.7885206
21.605000 8.8489373
21.630000 8.9097285
21.655000 8.9707488
21.680000 9.0322834
21.705000 9.0944129
21.730000 9.157025
21.755000 9.2197908
21.780000 9.2830854
21.805000 9.3468463
21.830000 9.4112866
21.855000 9.4760363
21.880000 9.5409597
21.905000 9.6062587
21.930000 9.6724147
21.955000 9.7389151
21.980000 9.8056658
22.005000 9.8730334
22.030000 9.9409728
22.055000 10.009408
22.080000 10.078353
22.105000 10.147464
22.130000 10.216897
22.155000 10.287035
22.180000 10.357745
22.205000 10.428588
22.230000 10.500152
22.255000 10.572383
22.280000 10.644908
22.305000 10.718048
22.330000 10.791443
22.355000 10.865027
22.379999 10.939134
22.404999 11.013769
22.429999 11.088841
22.454999 11.164525
22.479999 11.240678
22.504999 11.31773
22.529999 11.395173
22.554999 11.472498
22.579999 11.550223
22.604999 11.628349
22.629999 11.706788
22.654999 11.785808
22.679999 11.865593
22.704999 11.946054
22.729999 12.027243
22.754999 12.108774
22.779999 12.190539
22.804999 12.27265
22.829999 12.354979
22.854999 12.437928
22.879999 12.521399
22.904999 12.60575
22.929999 12.690488
22.954999 12.775764
22.979999 12.861445
23.004999 12.947583
23.029999 13.034013
23.054999 13.120885
23.079999 13.208225
23.104999 13.296168
23.129999 13.384743
23.154999 13.474051
23.179999 13.563646
23.204999 13.653604
23.229999 13.7441
23.254999 13.835068
23.279999 13.926642
23.304999 14.018864
23.329999 14.11156
23.354999 14.204736
23.379999 14.298655
23.404999 14.393118
23.429999 14.487665
23.454999 14.582696
23.479999 14.678603
23.504999 14.775129
23.529999 14.872457
23.554999 14.970167
23.579999 15.068478
23.604999 15.167516
23.629999 15.266897
23.654999 15.366918
23.679999 15.46714
23.704999 15.568139
23.729999 15.670049
23.754999 15.772383
23.779999 15.875019
23.804999 15.978812
23.829999 16.083472
23.854999 16.188505
23.879999 16.294116
23.904999 16.399983
23.929999 16.506423
23.954999 16.613631
23.979999 16.721322
24.004999 16.829828
24.029999 16.939275
24.054999 17.049197
24.079999 17.159759
24.104999 17.270956
24.129999 17.382552
24.154999 17.494787
24.179999 17.607648
24.204999 17.721136
24.229999 17.83564
24.254999 17.951131
24.279999 18.067122
24.304999 18.183769
24.329999 18.301186
24.354999 18.418772
24.379999 18.53725
24.404999 18.656476
24.429999 18.776309
24.454999 18.896818
24.479999 19.01817
24.504999 19.140218
24.529999 19.263149
24.554999 19.386573
24.579999 19.510537
24.604999 19.635149
24.629999 19.760494
24.654999 19.886726
24.679999 20.013411
24.704999 20.140992
24.729999 20.269411
24.754999 20.398679
24.779999 20.528363
24.804999 20.658457
24.829999 20.789282
24.854999 20.92119
24.879999 21.053938
24.904999 21.187573
24.929999 21.322093
24.954999 21.457523
24.979999 21.593492
25.004999 21.730225
25.029999 21.867686
25.054999 22.005352
25.079999 22.143996
25.104999 22.283921
25.129999 22.424708
25.154999 22.566441
25.179999 22.708816
25.204999 22.851859
25.229999 22.995785
25.254999 23.140226
25.279999 23.285117
25.304999 23.431091
25.329999 23.577897
25.354999 23.72606
25.379999 23.874885
25.404999 24.024523
25.429999 24.175017
25.454999 24.326107
25.479999 24.477844
25.504999 24.630005
25.529999 24.783558
25.554999 24.937997
25.579999 25.093464
25.604999 25.249912
25.629999 25.407267
25.654999 25.565596
25.679999 25.724646
25.704999 25.884322
25.729999 26.044652
25.754999 26.206202
25.779999 26.368539
25.804999 26.532132
25.829999 26.696709
25.854999 26.862084
25.879999 27.02813
25.904999 27.194916
25.929999 27.362291
25.954999 27.530886
25.979999 27.700241
26.004999 27.870532
26.029999 28.042097
26.054999 28.214992
26.079999 28.38859
26.104999 28.563129
26.129999 28.738394
26.154999 28.914573
26.179999 29.091724
26.204999 29.269813
26.229999 29.449002
26.254999 29.629298
26.279999 29.810778
26.304999 29.993747
26.329999 30.177723
26.354999 30.362406
26.379999 30.547601
26.404999 30.733974
26.429999 30.921613
26.454999 31.110232
26.479999 31.299812
26.504999 31.490913
26.529999 31.68321
26.554999 31.876474
26.579999 32.070248
26.604999 32.264435
26.629999 32.460224
26.654999 32.656871
26.679999 32.854365
26.704999 33.052916
26.729999 33.252676
26.754999 33.45348
26.779999 33.655118
26.804999 33.857711
26.829999 34.061308
26.854999 34.265684
26.879999 34.470937
26.904999 34.677161
26.929999 34.884418
26.954999 35.092969
26.979999 35.302406
27.004999 35.512807
27.029999 35.724447
27.054999 35.937328
27.079999 36.15127
27.104999 36.365796
27.129999 36.5814
27.154999 36.798305
27.179999 37.016536
27.204999 37.235521
27.229999 37.455728
27.254999 37.677371
27.279999 37.899894
27.304999 38.12368
27.329999 38.348788
27.354999 38.575217
27.379999 38.802742
27.404999 39.030886
27.429999 39.259839
27.454999 39.490521
27.479999 39.722654
27.504999 39.955642
27.529999 40.189981
27.554999 40.425723
27.579999 40.662803
27.604999 40.900491
27.629999 41.139059
27.654999 41.378176
27.679999 41.618916
27.704999 41.860561
27.729999 42.102907
27.754999 42.346485
27.779999 42.590981
27.804999 42.836506
27.829999 43.083004
27.854999 43.330222
27.879999 43.578102
27.904999 43.827244
27.929999 44.076846
27.954999 44.327321
27.979999 44.578903
28.004999 44.8313
28.029999 45.084536
28.054999 45.339365
28.079999 45.595182
28.104999 45.851766
28.129999 46.109506
28.154999 46.368233
28.179999 46.628025
28.204999 46.888433
28.229999 47.149456
28.254999 47.41166
28.279999 47.674891
28.304999 47.939208
28.329999 48.203931
28.354999 48.469701
28.379999 48.736316
28.404999 49.004123
28.429999 49.27252
28.454999 49.541352
28.479999 49.811276
28.504999 50.081838
28.529999 50.353478
28.554999 50.625335
28.579999 50.897732
28.604999 51.170949
28.629999 51.445153
28.654999 51.719738
28.679999 51.99485
28.704999 52.270651
28.729999 52.547114
28.754999 52.824826
28.779999 53.102703
28.804999 53.38068
28.829999 53.659093
28.854999 53.938649
28.879999 54.2188
28.904999 54.499652
28.929999 54.780781
28.954999 55.063036
28.979999 55.346243
29.004999 55.629546
29.029999 55.913064
29.054999 56.19689
29.079999 56.481789
29.104999 56.766955
29.129999 57.052119
29.154999 57.337745
29.179999 57.623792
29.204999 57.910585
29.229999 58.197365
29.254999 58.483803
29.279999 58.770759
29.304999 59.058693
29.329999 59.346758
29.354999 59.635028
29.379999 59.923563
29.404999 60.211928
29.429999 60.500406
29.454999 60.789019
29.479999 61.07727
29.504999 61.365308
29.529999 61.653672
29.554999 61.942132
29.579999 62.230598
29.604999 62.519051
29.629999 62.807134
29.654999 63.095707
29.679999 63.384284
29.704999 63.672905
29.729999 63.961345
29.754999 64.249488
29.779999 64.5374
29.804999 64.824956
29.829999 65.112224
29.854999 65.398897
29.879999 65.685445
29.904999 65.972409
29.929999 66.258979
29.954999 66.54552
29.979999 66.831474
30.004999 67.11726
30.029999 67.402396
30.054999 67.686642
30.079999 67.970111
30.104999 68.253008
30.129999 68.535398
30.154999 68.817469
30.179999 69.099173
30.204999 69.380298
30.229999 69.660581
30.254999 69.939622
30.279999 70.21813
30.304999 70.495875
30.329999 70.772524
30.354999 71.048383
30.379999 71.323525
30.404999 71.598211
30.429999 71.871821
30.454999 72.144389
30.479999 72.415957
30.504999 72.686666
30.529999 72.956838
30.554999 73.226193
30.579999 73.494653
30.604999 73.762074
30.629999 74.028555
30.654999 74.294347
30.679999 74.559122
30.704999 74.822827
30.729999 75.085621
30.754999 75.347269
30.779999 75.607688
30.804999 75.866946
30.829999 76.125011
30.854999 76.382048
30.879999 76.637813
30.904999 76.892788
30.929999 77.146637
30.954999 77.399145
30.979999 77.650384
31.004999 77.899953
31.029999 78.148397
31.054999 78.395656
31.079999 78.641317
31.104999 78.88551
31.129999 79.128417
31.154999 79.370382
31.179999 79.611074
31.204999 79.850291
31.229999 80.088116
31.254999 80.324376
31.279999 80.559438
31.304999 80.792962
31.329999 81.025389
31.354999 81.256696
31.379999 81.486645
31.404999 81.71581
31.429999 81.943551
31.454999 82.169599
31.479999 82.394081
31.504999 82.616924
31.529999 82.838782
31.554999 83.059174
31.579999 83.278087
31.604999 83.495627
31.629999 83.711944
31.654999 83.927163
31.679999 84.140795
31.704999 84.352557
31.729999 84.562798
31.754999 84.772019
31.779999 84.980036
31.804999 85.186406
31.829999 85.391371
31.854999 85.594873
31.879999 85.797317
31.904999 85.998327
31.929999 86.197592
31.954999 86.395439
31.979999 86.591487
32.004999 86.785988
32.029999 86.979024
32.054999 87.170797
32.079999 87.361101
32.104999 87.549807
32.129999 87.737334
32.154999 87.923581
32.179999 88.108463
32.204999 88.291763
32.229999 88.473744
32.254999 88.654315
32.279999 88.833845
32.304999 89.011965
32.329999 89.188123
32.354999 89.363192
32.379999 89.53702
32.404999 89.709676
32.429999 89.881137
32.454999 90.051312
32.479999 90.220139
32.504999 90.387715
32.529999 90.553756
32.554999 90.718615
32.579999 90.882085
32.604999 91.044352
32.629999 91.205412
32.654999 91.365223
32.679999 91.52368
32.704999 91.680654
32.729999 91.836507
32.754999 91.990967
32.779999 92.144014
32.804999 92.295561
32.829999 92.445642
32.854999 92.594234
32.879999 92.742356
32.904999 92.889256
32.929999 93.03493
32.954999 93.179254
32.979999 93.322091
33.004999 93.464298
33.029999 93.605391
33.054999 93.744921
33.079999 93.883198
33.104999 94.020468
33.129999 94.156428
33.154999 94.291618
33.179999 94.425776
33.204999 94.558572
33.229999 94.690215
33.254999 94.820648
33.279999 94.950049
33.304999 95.078395
33.329999 95.205698
33.354999 95.331982
33.379999 95.457244
33.404999 95.58121
33.429999 95.704378
33.454999 95.826597
33.479999 95.947647
33.504999 96.067547
33.529999 96.186261
33.554999 96.304123
33.579999 96.420839
33.604999 96.536628
33.629999 96.651488
33.654999 96.765436
33.679999 96.878406
33.704999 96.990329
33.729999 97.101213
33.754999 97.210903
33.779999 97.319793
33.804999 97.4278
33.829999 97.534642
33.854999 97.640403
33.879999 97.745245
33.904999 97.849157
33.929999 97.952367
33.954999 98.054568
33.979999 98.155563
34.004999 98.255623
34.029999 98.355215
34.054999 98.453932
34.079999 98.551734
34.104999 98.648516
34.129999 98.744463
34.154999 98.83962
34.179999 98.934034
34.204999 99.027581
34.229999 99.120086
34.254999 99.211956
34.279999 99.303052
34.304999 99.393467
34.329999 99.483042
34.354999 99.571554
34.379999 99.659257
34.404999 99.746085
34.429999 99.832141
34.454999 99.917406
34.479999 100.00164
34.504999 100.08477
34.529999 100.16717
34.554999 100.24889
34.579999 100.32984
34.604999 100.41004
34.629999 100.48951
34.654999 100.56815
34.679999 100.64607
34.704999 100.72321
34.729999 100.79942
34.754999 100.87488
34.779999 100.94966
34.804999 101.02372
34.829999 101.09681
34.854999 101.16907
34.879999 101.24096
34.904999 101.31207
34.929999 101.38248
34.954999 101.45195
34.979999 101.52081
35.004999 101.5887
35.029999 101.65593
35.054999 101.72254
35.079999 101.78859
35.104999 101.85391
35.129999 101.91884
35.154999 101.98335
35.179999 102.04692
35.204999 102.10984
35.229999 102.17224
35.254999 102.23426
35.279999 102.2956
35.304999 102.35633
35.329999 102.41648
35.354999 102.47604
35.379999 102.53498
35.404999 102.5935
35.429999 102.65144
35.454999 102.70873
35.479999 102.76567
35.504999 102.82175
35.529999 102.87694
35.554999 102.93157
35.579999 102.98582
35.604999 103.0395
35.629999 103.09262
35.654999 103.14523
35.679999 103.19746
35.704999 103.24926
35.729999 103.30044
35.754999 103.35114
35.779999 103.40137
35.804999 103.45099
35.829999 103.49994
35.854999 103.54837
35.879999 103.596
35.904999 103.64318
35.929999 103.69005
35.954999 103.73634
35.979999 103.78218
36.004999 103.82756
36.029999 103.87247
36.054999 103.91695
36.079999 103.9609
36.104999 104.00427
36.129999 104.04719
36.154999 104.08987
36.179999 104.13186
36.204999 104.17354
36.229999 104.21489
36.254999 104.25565
36.279999 104.29584
36.304999 104.33539
36.329999 104.3746
36.354999 104.41343
36.379999 104.45191
36.404999 104.49006
36.429999 104.52769
36.454999 104.56486
36.479999 104.60171
36.504999 104.63797
36.529999 104.67385
36.554999 104.7093
36.579999 104.74439
36.604999 104.77913
36.629999 104.8135
36.654999 104.84767
36.679999 104.88137
36.704999 104.91471
36.729999 104.94776
36.754999 104.98041
36.779999 105.01277
36.804999 105.04448
36.829999 105.07567
36.854999 105.10648
36.879999 105.13709
36.904999 105.16733
36.929999 105.19718
36.954999 105.22672
36.979999 105.25589
37.004999 105.28462
37.029999 105.31302
37.054999 105.34091
37.079999 105.36849
37.104999 105.39585
37.129999 105.42294
37.154999 105.44986
37.179999 105.47647
37.204999 105.50262
37.229999 105.52858
37.254999 105.55439
37.279999 105.58
37.304999 105.6053
37.329999 105.63025
37.354999 105.65499
37.379999 105.67945
37.404999 105.7039
37.429999 105.72797
37.454999 105.75172
37.479999 105.77536
37.504999 105.79869
37.529999 105.8218
37.554999 105.84448
37.579999 105.86679
37.604999 105.88861
37.629999 105.91024
37.654999 105.93178
37.679999 105.95298
37.704999 105.97399
37.729999 105.99484
37.754999 106.01542
37.779999 106.03587
37.804999 106.05601
37.829999 106.07592
37.854999 106.09577
37.879999 106.1154
37.904999 106.13433
37.929999 106.15297
37.954999 106.17141
37.979999 106.18967
38.004999 106.20769
38.029999 106.2255
38.054999 106.243
38.079999 106.26041
38.104999 106.27779
38.129999 106.29502
38.154999 106.31193
38.179999 106.32855
38.204999 106.34501
38.229999 106.36137
38.254999 106.3774
38.279999 106.39317
38.304999 106.40871
38.329999 106.42422
38.354999 106.43945
38.379999 106.4544
38.404999 106.46922
38.429999 106.48398
38.454999 106.49868
38.479999 106.51328
38.504999 106.5278
38.529999 106.54212
38.554999 106.55619
38.579999 106.5699
38.604999 106.5835
38.629999 106.597
38.654999 106.61057
38.679999 106.62394
38.704999 106.63722
38.729999 106.6504
38.754999 106.66356
38.779999 106.67671
38.804999 106.68949
38.829999 106.70221
38.854999 106.71512
38.879999 106.72777
38.904999 106.74024
38.929999 106.75255
38.954999 106.76479
38.979999 106.77669
39.004999 106.78846
39.029999 106.80006
39.054999 106.81159
39.079999 106.82303
39.104999 106.83439
39.129999 106.84564
39.154999 106.85675
39.179999 106.86775
39.204999 106.87867
39.229999 106.88945
39.254999 106.90011
39.279999 106.91056
39.304999 106.92083
39.329999 106.93108
39.354999 106.94144
39.379999 106.95169
39.404999 106.96178
39.429999 106.97163
39.454999 106.98141
39.479999 106.9912
39.504999 107.00099
39.529999 107.01067
39.554999 107.02013
39.579999 107.02952
39.604999 107.03891
39.629999 107.04828
39.654999 107.05764
39.679999 107.06675
39.704999 107.07583
39.729999 107.08485
39.754999 107.0937
39.779999 107.10243
39.804999 107.11105
39.829999 107.11967
39.854999 107.12821
39.879999 107.13671
39.904999 107.14518
39.929999 107.15359
39.954999 107.16195
39.979999 107.17026
