0.000000 20
-0.000000 19.999962
-0.000000 19.999871
-0.000000 19.999727
-0.000001 19.999532
-0.000001 19.999285
-0.000002 19.998988
-0.000002 19.99864
-0.000003 19.998243
-0.000004 19.997797
-0.000004 19.997302
-0.000005 19.99676
-0.000006 19.996169
-0.000008 19.995532
-0.000009 19.994847
-0.000010 19.994117
-0.000011 19.99334
-0.000013 19.992519
-0.000015 19.991653
-0.000016 19.990742
-0.000018 19.989788
-0.000020 19.98879
-0.000022 19.987749
-0.000024 19.986665
-0.000026 19.985539
-0.000028 19.984372
-0.000031 19.983162
-0.000033 19.981913
-0.000036 19.980622
-0.000038 19.979289
-0.000041 19.977914
-0.000044 19.976497
-0.000047 19.97504
-0.000050 19.973541
-0.000053 19.972002
-0.000057 19.970423
-0.000060 19.968803
-0.000064 19.967143
-0.000067 19.965444
-0.000071 19.963711
-0.000075 19.961938
-0.000079 19.960127
-0.000083 19.958277
-0.000087 19.956388
-0.000091 19.954462
-0.000095 19.952497
-0.000100 19.950492
-0.000104 19.948449
-0.000108 19.946366
-0.000113 19.944245
-0.000118 19.942085
-0.000123 19.939885
-0.000128 19.937647
-0.000133 19.93537
-0.000138 19.933055
-0.000143 19.930702
-0.000149 19.928312
-0.000154 19.925884
-0.000160 19.92342
-0.000165 19.92092
-0.000171 19.918391
-0.000177 19.915826
-0.000183 19.913225
-0.000190 19.91059
-0.000196 19.907918
-0.000202 19.905211
-0.000209 19.90247
-0.000215 19.899698
-0.000222 19.896891
-0.000229 19.89405
-0.000236 19.891177
-0.000243 19.888268
-0.000250 19.885324
-0.000257 19.882346
-0.000264 19.879333
-0.000272 19.876284
-0.000280 19.8732
-0.000287 19.870078
-0.000295 19.866921
-0.000303 19.863729
-0.000312 19.860504
-0.000320 19.857249
-0.000328 19.853965
-0.000337 19.850648
-0.000346 19.847299
-0.000354 19.843916
-0.000363 19.8405
-0.000372 19.83706
-0.000382 19.833589
-0.000391 19.830086
-0.000400 19.826551
-0.000409 19.822982
-0.000419 19.819379
-0.000429 19.81574
-0.000439 19.812067
-0.000449 19.80836
-0.000459 19.804618
-0.000469 19.800842
-0.000480 19.797034
-0.000491 19.7932
-0.000502 19.789338
-0.000512 19.785443
-0.000523 19.781516
-0.000535 19.777558
-0.000546 19.773575
-0.000558 19.769561
-0.000569 19.765518
-0.000580 19.761444
-0.000592 19.75734
-0.000604 19.753204
-0.000616 19.749035
-0.000628 19.744832
-0.000640 19.740597
-0.000652 19.73633
-0.000665 19.732034
-0.000678 19.727715
-0.000691 19.723365
-0.000704 19.718984
-0.000718 19.714574
-0.000731 19.710144
-0.000745 19.705686
-0.000758 19.7012
-0.000771 19.696682
-0.000785 19.692133
-0.000799 19.687551
-0.000813 19.682937
-0.000827 19.678292
-0.000842 19.673614
-0.000857 19.668911
-0.000872 19.664185
-0.000887 19.659429
-0.000902 19.654642
-0.000917 19.649832
-0.000933 19.644995
-0.000948 19.640132
-0.000964 19.63524
-0.000980 19.630321
-0.000995 19.625371
-0.001011 19.62039
-0.001027 19.615378
-0.001044 19.610336
-0.001060 19.60527
-0.001077 19.600182
-0.001094 19.595065
-0.001111 19.589919
-0.001128 19.584755
-0.001146 19.579568
-0.001163 19.574353
-0.001181 19.569109
-0.001198 19.563835
-0.001215 19.55853
-0.001233 19.553196
-0.001251 19.54783
-0.001271 19.542445
-0.001289 19.537036
-0.001307 19.531599
-0.001326 19.526136
-0.001345 19.520651
-0.001365 19.515141
-0.001384 19.509606
-0.001403 19.504044
-0.001422 19.498453
-0.001441 19.492833
-0.001461 19.487184
-0.001482 19.481511
-0.001501 19.475817
-0.001522 19.470099
-0.001543 19.464355
-0.001564 19.458593
-0.001585 19.45281
-0.001606 19.447
-0.001627 19.441163
-0.001648 19.435296
-0.001669 19.429401
-0.001690 19.423478
-0.001713 19.417534
-0.001735 19.41157
-0.001757 19.405579
-0.001780 19.399566
-0.001802 19.393532
-0.001825 19.387475
-0.001847 19.381394
-0.001870 19.375286
-0.001892 19.36915
-0.001915 19.362987
-0.001939 19.356801
-0.001961 19.350596
-0.001984 19.344368
-0.002009 19.338117
-0.002033 19.331849
-0.002058 19.325561
-0.002082 19.319248
-0.002106 19.312909
-0.002129 19.30654
-0.002153 19.300146
-0.002180 19.29373
-0.002205 19.287297
-0.002229 19.280838
-0.002255 19.274359
-0.002281 19.26786
-0.002306 19.26134
-0.002332 19.254797
-0.002356 19.248228
-0.002381 19.241634
-0.002408 19.235015
-0.002434 19.228377
-0.002460 19.221719
-0.002487 19.215041
-0.002514 19.208345
-0.002541 19.201631
-0.002568 19.194896
-0.002594 19.188137
-0.002620 19.18135
-0.002647 19.174538
-0.002676 19.167708
-0.002703 19.16086
-0.002730 19.153988
-0.002759 19.147099
-0.002787 19.14019
-0.002815 19.13326
-0.002843 19.126309
-0.002870 19.119332
-0.002898 19.112332
-0.002927 19.105313
-0.002955 19.098276
-0.002984 19.091221
-0.003015 19.084148
-0.003044 19.077059
-0.003073 19.069952
-0.003101 19.062822
-0.003129 19.055665
-0.003158 19.048486
-0.003189 19.041291
-0.003218 19.034076
-0.003248 19.026842
-0.003279 19.01959
-0.003309 19.01232
-0.003340 19.005031
-0.003368 18.997719
-0.003398 18.990384
-0.003429 18.98303
-0.003458 18.975659
-0.003489 18.968271
-0.003522 18.960868
-0.003552 18.953449
-0.003583 18.946015
-0.003613 18.93856
-0.003642 18.93108
-0.003673 18.923578
-0.003705 18.91606
-0.003736 18.908525
-0.003768 18.900972
-0.003800 18.893403
-0.003831 18.885816
-0.003863 18.878212
-0.003892 18.870584
-0.003924 18.862937
-0.003956 18.855273
-0.003987 18.847593
-0.004019 18.839897
-0.004053 18.832187
-0.004085 18.824463
-0.004117 18.816725
-0.004147 18.808965
-0.004178 18.801183
-0.004212 18.793384
-0.004244 18.785571
-0.004277 18.777739
-0.004311 18.769893
-0.004344 18.762031
-0.004378 18.754154
-0.004409 18.746258
-0.004441 18.738342
-0.004474 18.730411
-0.004506 18.722466
-0.004541 18.714507
-0.004576 18.706533
-0.004609 18.698548
-0.004642 18.69055
-0.004673 18.68253
-0.004707 18.674491
-0.004741 18.666436
-0.004774 18.658367
-0.004810 18.650283
-0.004845 18.642186
-0.004879 18.634073
-0.004914 18.625946
-0.004947 18.617799
-0.004982 18.609637
-0.005016 18.60146
-0.005051 18.59327
-0.005089 18.585069
-0.005125 18.576854
-0.005161 18.568628
-0.005193 18.560385
-0.005227 18.552122
-0.005263 18.543844
-0.005298 18.535552
-0.005334 18.527248
-0.005372 18.518929
-0.005408 18.510599
-0.005444 18.502253
-0.005478 18.493889
-0.005514 18.48551
-0.005549 18.477117
-0.005586 18.468712
-0.005625 18.460297
-0.005663 18.451868
-0.005701 18.443428
-0.005735 18.434974
-0.005771 18.4265
-0.005809 18.418011
-0.005845 18.409511
-0.005883 18.401001
-0.005922 18.392476
-0.005959 18.38394
-0.005997 18.375387
-0.006032 18.366819
-0.006071 18.358238
-0.006108 18.349644
-0.006147 18.341039
-0.006189 18.332422
-0.006229 18.323795
-0.006267 18.315157
-0.006302 18.306504
-0.006342 18.297833
-0.006381 18.28915
-0.006419 18.280456
-0.006460 18.271752
-0.006500 18.263037
-0.006540 18.254307
-0.006578 18.245563
-0.006617 18.236806
-0.006657 18.228037
-0.006696 18.219258
-0.006739 18.210468
-0.006781 18.201664
-0.006822 18.192854
-0.006859 18.184031
-0.006899 18.17519
-0.006939 18.166336
-0.006978 18.157473
-0.007021 18.148601
-0.007063 18.139716
-0.007104 18.13082
-0.007144 18.121911
-0.007182 18.112988
-0.007223 18.104055
-0.007263 18.095112
-0.007307 18.08616
-0.007350 18.077194
-0.007392 18.068222
-0.007429 18.059239
-0.007470 18.050242
-0.007510 18.04123
-0.007550 18.032209
-0.007594 18.023179
-0.007636 18.014137
-0.007677 18.005085
-0.007717 17.99602
-0.007756 17.986944
-0.007798 17.977858
-0.007839 17.968762
-0.007883 17.959656
-0.007927 17.950539
-0.007970 17.941415
-0.008008 17.932281
-0.008051 17.923135
-0.008091 17.913976
-0.008134 17.904808
-0.008178 17.89563
-0.008222 17.886441
-0.008264 17.877243
-0.008304 17.868034
-0.008346 17.858817
-0.008388 17.849588
-0.008431 17.840351
-0.008476 17.831103
-0.008521 17.821846
-0.008563 17.812583
-0.008602 17.803311
-0.008645 17.794024
-0.008685 17.784727
-0.008730 17.775423
-0.008776 17.766106
-0.008818 17.756781
-0.008859 17.747446
-0.008900 17.738103
-0.008943 17.72875
-0.008985 17.719387
-0.009030 17.710016
-0.009076 17.700634
-0.009121 17.691246
-0.009160 17.68185
-0.009204 17.672445
-0.009246 17.663027
-0.009291 17.653602
-0.009337 17.644165
-0.009381 17.634721
-0.009425 17.625266
-0.009465 17.615804
-0.009509 17.606335
-0.009552 17.596854
-0.009597 17.587367
-0.009645 17.577869
-0.009691 17.568365
-0.009732 17.558853
-0.009775 17.549334
-0.009818 17.539802
-0.009863 17.530261
-0.009911 17.520712
-0.009957 17.511155
-0.010001 17.501588
-0.010043 17.492013
-0.010087 17.482433
-0.010132 17.47284
-0.010177 17.463242
-0.010225 17.453633
-0.010273 17.444018
-0.010315 17.434398
-0.010360 17.424769
-0.010404 17.415129
-0.010450 17.405481
-0.010498 17.395824
-0.010545 17.38616
-0.010591 17.376486
-0.010634 17.366804
-0.010680 17.357118
-0.010725 17.347421
-0.010772 17.337718
-0.010820 17.328004
-0.010869 17.318286
-0.010912 17.308562
-0.010957 17.29883
-0.011002 17.289087
-0.011049 17.279339
-0.011098 17.26958
-0.011146 17.259814
-0.011192 17.25004
-0.011236 17.240259
-0.011282 17.230473
-0.011329 17.220677
-0.011375 17.210875
-0.011424 17.201062
-0.011472 17.191246
-0.011516 17.181424
-0.011561 17.171593
-0.011606 17.161752
-0.011655 17.151907
-0.011705 17.142052
-0.011753 17.132189
-0.011798 17.122318
-0.011843 17.112441
-0.011891 17.102557
-0.011939 17.092668
-0.011986 17.082769
-0.012038 17.072863
-0.012084 17.062954
-0.012130 17.053038
-0.012176 17.04311
-0.012224 17.033178
-0.012274 17.023237
-0.012326 17.01329
-0.012373 17.003335
-0.012418 16.993372
-0.012466 16.983404
-0.012515 16.973429
-0.012564 16.96345
-0.012615 16.95346
-0.012666 16.943466
-0.012713 16.933468
-0.012760 16.923461
-0.012807 16.913445
-0.012857 16.903425
-0.012910 16.893396
-0.012960 16.88336
-0.013008 16.873316
-0.013055 16.863267
-0.013105 16.85321
-0.013156 16.843151
-0.013205 16.833083
-0.013258 16.823007
-0.013308 16.812929
-0.013355 16.802845
-0.013404 16.792749
-0.013454 16.78265
-0.013507 16.772542
-0.013561 16.762428
-0.013610 16.752306
-0.013659 16.742179
-0.013709 16.732045
-0.013760 16.721906
-0.013811 16.711762
-0.013865 16.701609
-0.013917 16.691452
-0.013966 16.681293
-0.014014 16.671122
-0.014065 16.660945
-0.014118 16.650762
-0.014174 16.640571
-0.014225 16.630374
-0.014275 16.620172
-0.014326 16.609964
-0.014379 16.599749
-0.014433 16.58953
-0.014487 16.579302
-0.014542 16.56907
-0.014595 16.558836
-0.014645 16.548593
-0.014697 16.538339
-0.014751 16.528082
-0.014809 16.517815
-0.014864 16.507542
-0.014916 16.497265
-0.014968 16.486984
-0.015024 16.476693
-0.015079 16.466401
-0.015135 16.4561
-0.015193 16.445792
-0.015248 16.435485
-0.015300 16.425171
-0.015354 16.414844
-0.015410 16.404514
-0.015469 16.394174
-0.015527 16.383827
-0.015580 16.373477
-0.015635 16.363123
-0.015692 16.352758
-0.015751 16.342392
-0.015808 16.332019
-0.015869 16.321638
-0.015927 16.311257
-0.015982 16.30087
-0.016037 16.290471
-0.016095 16.280066
-0.016157 16.269654
-0.016218 16.259234
-0.016274 16.248812
-0.016332 16.238385
-0.016392 16.22795
-0.016454 16.217513
-0.016514 16.207067
-0.016579 16.196616
-0.016640 16.186164
-0.016698 16.175706
-0.016758 16.165238
-0.016820 16.154764
-0.016886 16.14428
-0.016951 16.13379
-0.017011 16.123301
-0.017073 16.112804
-0.017138 16.1023
-0.017203 16.091793
-0.017269 16.081278
-0.017338 16.070758
-0.017403 16.060239
-0.017466 16.049712
-0.017529 16.039175
-0.017595 16.028631
-0.017666 16.018077
-0.017734 16.00752
-0.017798 15.996963
-0.017865 15.986398
-0.017935 15.975827
-0.018004 15.965252
-0.018075 15.954667
-0.018148 15.944077
-0.018217 15.933491
-0.018284 15.922894
-0.018354 15.91229
-0.018425 15.901676
-0.018501 15.891052
-0.018574 15.880426
-0.018644 15.8698
-0.018716 15.859165
-0.018792 15.848525
-0.018866 15.837879
-0.018942 15.827223
-0.019019 15.816565
-0.019094 15.80591
-0.019164 15.795244
-0.019239 15.78457
-0.019316 15.773885
-0.019396 15.76319
-0.019473 15.752498
-0.019549 15.741802
-0.019628 15.731099
-0.019709 15.720392
-0.019789 15.709676
-0.019873 15.698953
-0.019956 15.688231
-0.020036 15.677507
-0.020114 15.666775
-0.020196 15.656031
-0.020281 15.645278
-0.020368 15.634516
-0.020450 15.623758
-0.020535 15.612993
-0.020622 15.602225
-0.020710 15.591449
-0.020799 15.580665
-0.020890 15.569874
-0.020980 15.559087
-0.021067 15.548294
-0.021154 15.537494
-0.021244 15.526681
-0.021338 15.515858
-0.021432 15.505032
-0.021522 15.494206
-0.021616 15.483373
-0.021713 15.472538
-0.021807 15.461691
-0.021906 15.450839
-0.022005 15.439984
-0.022102 15.429129
-0.022197 15.418267
-0.022294 15.407395
-0.022394 15.396512
-0.022498 15.385621
-0.022599 15.37473
-0.022700 15.363832
-0.022805 15.352933
-0.022910 15.342026
-0.023017 15.331109
-0.023126 15.320189
-0.023234 15.309269
-0.023339 15.29834
-0.023444 15.287408
-0.023552 15.276465
-0.023664 15.26551
-0.023776 15.254551
-0.023886 15.243588
-0.023998 15.232619
-0.024115 15.221648
-0.024230 15.210668
-0.024349 15.199682
-0.024468 15.188694
-0.024585 15.177702
-0.024700 15.166704
-0.024817 15.155695
-0.024938 15.144676
-0.025061 15.133651
-0.025184 15.122621
-0.025306 15.111583
-0.025432 15.100546
-0.025559 15.089497
-0.025689 15.078442
-0.025820 15.067384
-0.025950 15.056323
-0.026077 15.045251
-0.026204 15.034176
-0.026334 15.023088
-0.026469 15.011991
-0.026604 15.000886
-0.026738 14.989775
-0.026875 14.97866
-0.027016 14.967538
-0.027159 14.956408
-0.027302 14.94527
-0.027445 14.934129
-0.027586 14.922981
-0.027726 14.911829
-0.027868 14.900667
-0.028015 14.889493
-0.028164 14.878309
-0.028313 14.867119
-0.028465 14.855922
-0.028620 14.844719
-0.028777 14.833512
-0.028936 14.822295
-0.029095 14.811072
-0.029251 14.799845
-0.029408 14.788609
-0.029566 14.777368
-0.029728 14.766115
-0.029893 14.754848
-0.030060 14.74357
-0.030228 14.73229
-0.030400 14.721001
-0.030574 14.709711
-0.030752 14.698409
-0.030928 14.687097
-0.031102 14.675778
-0.031277 14.664452
-0.031454 14.653118
-0.031633 14.641771
-0.031816 14.630411
-0.032003 14.619039
-0.032190 14.607664
-0.032380 14.596279
-0.032578 14.58489
-0.032778 14.573483
-0.032974 14.562065
-0.033170 14.550638
-0.033366 14.539202
-0.033563 14.527759
-0.033763 14.516302
-0.033967 14.504832
-0.034175 14.49335
-0.034385 14.481855
-0.034598 14.470344
-0.034822 14.458823
-0.035047 14.447283
-0.035265 14.435726
-0.035485 14.424159
-0.035707 14.412582
-0.035929 14.400997
-0.036153 14.389396
-0.036384 14.37777
-0.036623 14.366122
-0.036860 14.354451
-0.037105 14.34276
-0.037357 14.331043
-0.037615 14.319279
-0.037861 14.30749
-0.038109 14.295694
-0.038360 14.283886
-0.038611 14.272045
-0.038868 14.260135
-0.039138 14.248157
-0.039413 14.236162
-0.039683 14.224148
-0.039961 14.212074
-0.040253 14.199901
-0.040540 14.187664
-0.040876 14.174516
-0.041217 14.161389
-0.041550 14.148293
-0.041886 14.135231
-0.042224 14.122196
-0.042568 14.109179
-0.042914 14.096158
-0.043272 14.083074
-0.043632 14.069981
-0.043989 14.056881
-0.044351 14.04378
-0.044711 14.030672
-0.045073 14.017555
-0.045440 14.004431
-0.045812 13.991305
-0.046188 13.978175
-0.046568 13.965041
-0.046953 13.951899
-0.047338 13.938748
-0.047726 13.925598
-0.048114 13.912442
-0.048502 13.89928
-0.048894 13.886115
-0.049294 13.872943
-0.049696 13.85977
-0.050100 13.846593
-0.050513 13.83341
-0.050925 13.82022
-0.051340 13.807028
-0.051757 13.79383
-0.052175 13.780626
-0.052597 13.767415
-0.053023 13.754203
-0.053458 13.740989
-0.053888 13.727773
-0.054326 13.714549
-0.054767 13.701317
-0.055210 13.688083
-0.055658 13.674846
-0.056109 13.661602
-0.056561 13.648351
-0.057016 13.635096
-0.057477 13.621841
-0.057941 13.60858
-0.058408 13.595316
-0.058876 13.582041
-0.059350 13.568767
-0.059829 13.555486
-0.060310 13.5422
-0.060795 13.528908
-0.061281 13.51561
-0.061771 13.502315
-0.062267 13.489011
-0.062764 13.475707
-0.063265 13.462392
-0.063769 13.449075
-0.064277 13.435759
-0.064790 13.422432
-0.065308 13.409104
-0.065828 13.395769
-0.066353 13.382436
-0.066879 13.369103
-0.067412 13.355768
-0.067945 13.342428
-0.068482 13.329083
-0.069026 13.315737
-0.069571 13.30239
-0.070125 13.289038
-0.070683 13.275681
-0.071245 13.26232
-0.071808 13.248962
-0.072377 13.235606
-0.072952 13.222245
-0.073525 13.208882
-0.074106 13.195513
-0.074690 13.182144
-0.075284 13.16877
-0.075884 13.155392
-0.076487 13.142014
-0.077093 13.128632
-0.077701 13.115246
-0.078316 13.10186
-0.078930 13.08847
-0.079547 13.075078
-0.080175 13.061679
-0.080808 13.048281
-0.081451 13.03488
-0.082099 13.021475
-0.082751 13.008064
-0.083405 12.994653
-0.084064 12.981237
-0.084725 12.967823
-0.085384 12.9544
-0.086051 12.940974
-0.086730 12.927547
-0.087416 12.914116
-0.088108 12.900682
-0.088807 12.887245
-0.089507 12.873801
-0.090210 12.860355
-0.090918 12.846906
-0.091626 12.833459
-0.092338 12.820005
-0.093063 12.806545
-0.093798 12.793085
-0.094537 12.779624
-0.095279 12.76616
-0.096027 12.752689
-0.096780 12.739213
-0.097535 12.725737
-0.098295 12.712259
-0.099057 12.698778
-0.099828 12.685297
-0.100610 12.671815
-0.101397 12.65833
-0.102186 12.644841
-0.102981 12.631348
-0.103787 12.617855
-0.104594 12.604361
-0.105404 12.590865
-0.106223 12.577363
-0.107043 12.56386
-0.107877 12.550358
-0.108717 12.53685
-0.109558 12.523342
-0.110403 12.509829
-0.111263 12.496316
-0.112126 12.482802
-0.112992 12.469287
-0.113867 12.455769
-0.114742 12.442247
-0.115634 12.428724
-0.116528 12.415202
-0.117426 12.401676
-0.118329 12.38815
-0.119241 12.374619
-0.120163 12.361083
-0.121089 12.347546
-0.122018 12.334008
-0.122954 12.320471
-0.123898 12.30693
-0.124850 12.293378
-0.125807 12.279831
-0.126775 12.266282
-0.127749 12.252734
-0.128727 12.239176
-0.129712 12.225616
-0.130705 12.21206
-0.131708 12.198503
-0.132718 12.184945
-0.133735 12.171386
-0.134757 12.157826
-0.135793 12.144265
-0.136833 12.130703
-0.137878 12.117137
-0.138932 12.103572
-0.139994 12.090009
-0.141066 12.076441
-0.142147 12.062871
-0.143234 12.049306
-0.144327 12.03574
-0.145431 12.022168
-0.146545 12.00859
-0.147660 11.995015
-0.148785 11.981442
-0.149921 11.967868
-0.151062 11.95429
-0.152215 11.940712
-0.153377 11.927136
-0.154542 11.913558
-0.155715 11.89998
-0.156897 11.886396
-0.158087 11.87281
-0.159285 11.859224
-0.160491 11.84564
-0.161711 11.832057
-0.162940 11.818472
-0.164173 11.804886
-0.165413 11.791303
-0.166659 11.777719
-0.167910 11.764131
-0.169171 11.750541
-0.170444 11.736957
-0.171726 11.723373
-0.173021 11.709789
-0.174323 11.696205
-0.175635 11.682622
-0.176955 11.669042
-0.178276 11.655459
-0.179609 11.641873
-0.180950 11.628292
-0.182304 11.614712
-0.183664 11.601134
-0.185033 11.587552
-0.186412 11.573968
-0.187804 11.560389
-0.189205 11.546805
-0.190612 11.533224
-0.192026 11.519638
-0.193449 11.506061
-0.194880 11.492489
-0.196323 11.478919
-0.197771 11.46535
-0.199229 11.451783
-0.200702 11.438221
-0.202183 11.424662
-0.203674 11.411104
-0.205174 11.397548
-0.206683 11.383995
-0.208197 11.370445
-0.209722 11.356899
-0.211256 11.343358
-0.212795 11.329816
-0.214347 11.316277
-0.215917 11.302739
-0.217495 11.289204
-0.219083 11.275673
-0.220679 11.262141
-0.222283 11.248612
-0.223898 11.235084
-0.225518 11.221561
-0.227152 11.208042
-0.228796 11.194528
-0.230452 11.181021
-0.232122 11.167516
-0.233796 11.154011
-0.235477 11.140507
-0.237176 11.127013
-0.238886 11.113519
-0.240602 11.100029
-0.242333 11.086542
-0.244073 11.073058
-0.245824 11.059582
-0.247585 11.046102
-0.249354 11.032625
-0.251137 11.019155
-0.252931 11.005694
-0.254734 10.992226
-0.256548 10.978764
-0.258377 10.965311
-0.260218 10.951862
-0.262068 10.93842
-0.263927 10.924981
-0.265797 10.911544
-0.267684 10.898114
-0.269584 10.884688
-0.271488 10.871269
-0.273405 10.857853
-0.275339 10.844445
-0.277282 10.831039
-0.279238 10.817638
-0.281206 10.804242
-0.283184 10.790852
-0.285172 10.777469
-0.287170 10.764088
-0.289179 10.750709
-0.291205 10.737338
-0.293241 10.723972
-0.295291 10.710614
-0.297351 10.697258
-0.299424 10.683911
-0.301512 10.670574
-0.303604 10.657242
-0.305708 10.643912
-0.307822 10.630592
-0.309954 10.617278
-0.312093 10.603967
-0.314244 10.590665
-0.316408 10.577364
-0.318588 10.56408
-0.320783 10.550804
-0.322988 10.537539
-0.325202 10.524281
-0.327431 10.511033
-0.329668 10.497791
-0.331920 10.48456
-0.334183 10.471342
-0.336451 10.45813
-0.338739 10.444925
-0.341047 10.431732
-0.343364 10.418548
-0.345692 10.405373
-0.348030 10.392206
-0.350381 10.379042
-0.352746 10.365897
-0.355117 10.352761
-0.357499 10.339633
-0.359903 10.326514
-0.362318 10.313409
-0.364748 10.300319
-0.367185 10.287233
-0.369635 10.274159
-0.372097 10.261096
-0.374570 10.248045
-0.377056 10.234993
-0.379553 10.221953
-0.382071 10.208933
-0.384603 10.195922
-0.387143 10.182928
-0.389694 10.169944
-0.392259 10.156969
-0.394842 10.144005
-0.397436 10.13105
-0.400038 10.118108
-0.402654 10.105178
-0.405287 10.092262
-0.407935 10.079357
-0.410594 10.066465
-0.413266 10.053586
-0.415949 10.040716
-0.418642 10.027858
-0.421344 10.015012
-0.424058 10.002177
-0.426794 9.9893615
-0.429537 9.9765604
-0.432298 9.9637692
-0.435069 9.9509928
-0.437857 9.9382342
-0.440661 9.9254759
-0.443472 9.9127448
-0.446293 9.9000271
-0.449127 9.8873268
-0.451978 9.8746456
-0.454839 9.8619805
-0.457714 9.8493314
-0.460596 9.8367019
-0.463493 9.8240897
-0.466418 9.8114872
-0.469350 9.7989069
-0.472290 9.7863474
-0.475241 9.7737969
-0.478208 9.7612652
-0.481188 9.7487585
-0.484179 9.7362654
-0.487177 9.7237934
-0.490194 9.7113429
-0.493231 9.6989055
-0.496274 9.6864938
-0.499332 9.6740894
-0.502391 9.6617024
-0.505470 9.6493373
-0.508557 9.6369914
-0.511654 9.6246612
-0.514760 9.6123533
-0.517881 9.6000675
-0.521019 9.5877922
-0.524172 9.5755304
-0.527334 9.563296
-0.530500 9.5510864
-0.533669 9.5388979
-0.536853 9.5267224
-0.540050 9.5145548
-0.543256 9.5024105
-0.546469 9.4903012
-0.549700 9.4782017
-0.552944 9.4661301
-0.556203 9.4540725
-0.559467 9.4420459
-0.562748 9.4300329
-0.566033 9.4180375
-0.569327 9.4060616
-0.572627 9.3941162
-0.575941 9.3822002
-0.579268 9.3703024
-0.582612 9.3584278
-0.585961 9.3465836
-0.589316 9.3347624
-0.592680 9.3229695
-0.596064 9.3111939
-0.599463 9.2994336
-0.602861 9.2877095
-0.606262 9.2760118
-0.609673 9.2643387
-0.613098 9.2526982
-0.616532 9.2410789
-0.619978 9.2294811
-0.623439 9.2179048
-0.626916 9.2063495
-0.630407 9.1948168
-0.633893 9.1833063
-0.637389 9.1718264
-0.640891 9.160371
-0.644401 9.1489454
-0.647916 9.1375386
-0.651438 9.1261607
-0.654969 9.1148024
-0.658516 9.1034623
-0.662075 9.0921364
-0.665643 9.0808303
-0.669226 9.0695494
-0.672811 9.0582976
-0.676393 9.0470779
-0.679973 9.0358819
-0.683568 9.0247042
-0.687171 9.0135519
-0.690785 9.0024211
-0.694411 8.9913023
-0.698052 8.9802196
-0.701701 8.9691738
-0.705347 8.9581586
-0.709002 8.947166
-0.712669 8.9362001
-0.716344 8.9252581
-0.720023 8.9143422
-0.723707 8.9034513
-0.727397 8.8925811
-0.731098 8.8817446
-0.734805 8.8709452
-0.738507 8.8601697
-0.742214 8.8494183
-0.745934 8.8386909
-0.749664 8.8279908
-0.753400 8.8173202
-0.757134 8.8066703
-0.760877 8.7960413
-0.764628 8.7854413
-0.768380 8.7748725
-0.772134 8.7643193
-0.775894 8.7537896
-0.779659 8.7432843
-0.783426 8.7328065
-0.787197 8.7223541
-0.790972 8.7119209
-0.794759 8.7015104
-0.798553 8.6911258
-0.802347 8.6807714
-0.806141 8.6704396
-0.809943 8.6601243
-0.813749 8.6498319
-0.817553 8.6395675
-0.821358 8.6293364
-0.825172 8.6191323
-0.828998 8.608952
-0.832828 8.5988066
-0.836661 8.5886826
-0.840501 8.5785787
-0.844350 8.5684985
-0.848205 8.5584409
-0.852061 8.5484097
-0.855917 8.5384097
-0.859781 8.5284292
-0.863645 8.5184819
-0.867509 8.5085657
-0.871376 8.4986711
-0.875253 8.488789
-0.879129 8.4789292
-0.883004 8.4691044
-0.886889 8.4593096
-0.890775 8.4495388
-0.894662 8.4397931
-0.898547 8.4300772
-0.902429 8.4203842
-0.906308 8.4107139
-0.910192 8.4010625
-0.914079 8.3914287
-0.917961 8.3818167
-0.921848 8.3722296
-0.925732 8.3626722
-0.929618 8.3531403
-0.933504 8.3436282
-0.937396 8.3341348
-0.941293 8.324669
-0.945190 8.315227
-0.949086 8.305812
-0.952978 8.2964196
-0.956870 8.2870517
-0.960761 8.2777027
-0.964653 8.2683756
-0.968542 8.2590684
-0.972430 8.2497836
-0.976323 8.2405257
-0.980215 8.231298
-0.984105 8.2220905
-0.987997 8.2129059
-0.991894 8.2037449
-0.995788 8.1946071
-0.999681 8.1854891
-1.003574 8.1763796
-1.007460 8.167291
-1.011343 8.1582302
-1.015228 8.1491905
-1.019111 8.1401707
-1.022987 8.1311718
-1.026865 8.1221952
-1.030738 8.1132349
-1.034610 8.1042934
-1.038483 8.0953685
-1.042353 8.0864629
-1.046221 8.0775762
-1.050091 8.0687047
-1.053956 8.0598555
-1.057815 8.0510245
-1.061669 8.0422087
-1.065516 8.0334096
-1.069364 8.024625
-1.073207 8.0158622
-1.077042 8.0071247
-1.080875 7.9984049
-1.084706 7.9897052
-1.088538 7.9810203
-1.092368 7.9723521
-1.096193 7.963703
-1.100018 7.9550661
-1.103846 7.9464465
-1.107667 7.9378478
-1.111487 7.9292666
-1.115297 7.9206994
-1.119105 7.9121476
-1.122910 7.9036096
-1.126710 7.8950914
-1.130500 7.8865873
-1.134288 7.8780979
-1.138072 7.8696231
-1.141854 7.8611643
-1.145632 7.852717
-1.149405 7.8442837
-1.153174 7.8358624
-1.156942 7.8274538
-1.160705 7.8190556
-1.164464 7.8106693
-1.168215 7.8022971
-1.171961 7.7939368
-1.175698 7.7855897
-1.179432 7.7772574
-1.183162 7.7689341
-1.186881 7.7606289
-1.190598 7.7523316
-1.194313 7.7440407
-1.198025 7.7357699
-1.201733 7.7275183
-1.205434 7.7192784
-1.209133 7.7110533
-1.212830 7.702837
-1.216525 7.6946306
-1.220219 7.6864298
-1.223906 7.6782414
-1.227585 7.6700692
-1.231257 7.6619063
-1.234925 7.653754
-1.238588 7.6456166
-1.242243 7.6374895
-1.245894 7.6293739
-1.249543 7.6212641
-1.253189 7.6131568
-1.256830 7.6050588
-1.260466 7.5969792
-1.264098 7.5889119
-1.267727 7.580853
-1.271352 7.572803
-1.274968 7.5647638
-1.278579 7.5567351
-1.282181 7.5487116
-1.285775 7.5406962
-1.289365 7.5326879
-1.292949 7.5246846
-1.296530 7.516685
-1.300105 7.5086921
-1.303674 7.5007143
-1.307243 7.4927454
-1.310805 7.4847817
-1.314363 7.4768249
-1.317915 7.4688712
-1.321467 7.4609289
-1.325015 7.4529947
-1.328560 7.4450686
-1.332103 7.4371491
-1.335640 7.4292406
-1.339170 7.4213378
-1.342691 7.4134412
-1.346210 7.405551
-1.349722 7.3976674
-1.353229 7.3897899
-1.356731 7.3819228
-1.360230 7.3740657
-1.363723 7.3662168
-1.367211 7.3583751
-1.370694 7.3505392
-1.374174 7.3427081
-1.377649 7.3348857
-1.381121 7.3270728
-1.384588 7.3192645
-1.388045 7.3114624
-1.391499 7.3036639
-1.394944 7.2958665
-1.398384 7.2880738
-1.401819 7.2802834
-1.405252 7.2724957
-1.408680 7.2647071
-1.412103 7.2569202
-1.415522 7.2491366
-1.418935 7.2413609
-1.422343 7.2335889
-1.425746 7.2258224
-1.429145 7.2180659
-1.432541 7.2103052
-1.435933 7.2025468
-1.439320 7.1947944
-1.442702 7.1870402
-1.446080 7.1792931
-1.449451 7.1715562
-1.452817 7.1638213
-1.456177 7.1560914
-1.459534 7.1483669
-1.462884 7.1406447
-1.466227 7.1329261
-1.469565 7.1252091
-1.472900 7.1174957
-1.476227 7.1097897
-1.479549 7.102092
-1.482868 7.0943948
-1.486186 7.0867017
-1.489499 7.0790149
-1.492808 7.0713324
-1.496111 7.0636537
-1.499413 7.0559695
-1.502707 7.0482798
-1.505994 7.0405958
-1.509275 7.0329159
-1.512554 7.0252395
-1.515827 7.0175644
-1.519093 7.0098918
-1.522352 7.0022249
-1.525608 6.9945594
-1.528857 6.9868939
-1.532103 6.979227
-1.535345 6.9715586
-1.538586 6.9638899
-1.541822 6.9562219
-1.545056 6.9485507
-1.548284 6.9408785
-1.551508 6.9332129
-1.554722 6.9255487
-1.557929 6.9178848
-1.561130 6.9102192
-1.564330 6.9025506
-1.567523 6.8948816
-1.570708 6.8872215
-1.573891 6.8795672
-1.577068 6.8719146
-1.580244 6.8642597
-1.583415 6.8566093
-1.586583 6.8489596
-1.589745 6.8413101
-1.592905 6.8336612
-1.596063 6.8260105
-1.599218 6.8183576
-1.602370 6.8107092
-1.605518 6.8030607
-1.608660 6.7954135
-1.611793 6.787765
-1.614920 6.7801209
-1.618044 6.7724733
-1.621160 6.7648269
-1.624271 6.7571806
-1.627380 6.7495302
-1.630486 6.7418726
-1.633588 6.7342162
-1.636685 6.7265631
-1.639778 6.7189137
-1.642867 6.7112635
-1.645953 6.70361
-1.649033 6.6959561
-1.652108 6.688303
-1.655176 6.6806496
-1.658234 6.672992
-1.661285 6.6653333
-1.664331 6.6576724
-1.667372 6.650008
-1.670410 6.6423379
-1.673444 6.6346638
-1.676473 6.6269931
-1.679501 6.6193219
-1.682522 6.6116531
-1.685539 6.603979
-1.688551 6.596302
-1.691560 6.5886189
-1.694568 6.5809359
-1.697574 6.5732539
-1.700572 6.5655773
-1.703567 6.557897
-1.706554 6.5502165
-1.709534 6.5425394
-1.712509 6.5348567
-1.715479 6.527172
-1.718445 6.5194841
-1.721404 6.5117914
-1.724355 6.5040971
-1.727303 6.4964075
-1.730245 6.4887198
-1.733180 6.4810338
-1.736110 6.4733455
-1.739036 6.4656585
-1.741960 6.4579694
-1.744879 6.4502777
-1.747791 6.4425868
-1.750700 6.4348875
-1.753604 6.4271763
-1.756499 6.4194635
-1.759386 6.4117523
-1.762270 6.4040384
-1.765151 6.3963216
-1.768025 6.3886026
-1.770890 6.3808821
-1.773752 6.3731622
-1.776607 6.3654368
-1.779457 6.357708
-1.782303 6.3499733
-1.785146 6.3422346
-1.787983 6.3344917
-1.790819 6.3267444
-1.793648 6.3189906
-1.796470 6.3112331
-1.799286 6.3034757
-1.802093 6.2957143
-1.804893 6.2879484
-1.807691 6.2801764
-1.810483 6.2723989
-1.813268 6.2646188
-1.816047 6.256839
-1.818819 6.249056
-1.821589 6.2412705
-1.824354 6.2334909
-1.827113 6.2257068
-1.829865 6.2179222
-1.832613 6.2101384
-1.835359 6.2023468
-1.838102 6.1945504
-1.840842 6.1867482
-1.843577 6.1789423
-1.846302 6.1711348
-1.849021 6.1633221
-1.851733 6.1555061
-1.854439 6.1476874
-1.857139 6.1398624
-1.859832 6.1320381
-1.862523 6.1242108
-1.865208 6.1163823
-1.867884 6.1085533
-1.870556 6.1007194
-1.873223 6.0928804
-1.875883 6.0850415
-1.878539 6.0772052
-1.881188 6.0693618
-1.883828 6.061514
-1.886465 6.0536628
-1.889092 6.0458059
-1.891712 6.0379453
-1.894327 6.0300811
-1.896940 6.0222071
-1.899545 6.0143261
-1.902142 6.0064432
-1.904734 5.998554
-1.907315 5.9906641
-1.909890 5.9827683
-1.912460 5.9748652
-1.915026 5.9669592
-1.917588 5.9590479
-1.920144 5.9511279
-1.922693 5.9432006
-1.925236 5.9352738
-1.927771 5.9273441
-1.930296 5.9194102
-1.932815 5.9114689
-1.935329 5.9035211
-1.937833 5.8955696
-1.940330 5.8876155
-1.942822 5.8796587
-1.945308 5.8717
-1.947790 5.8637411
-1.950267 5.8557815
-1.952736 5.8478183
-1.955196 5.8398538
-1.957654 5.8318882
-1.960108 5.8239119
-1.962557 5.8159312
-1.965001 5.8079464
-1.967437 5.7999556
-1.969866 5.791961
-1.972286 5.7839625
-1.974700 5.7759566
-1.977105 5.7679454
-1.979502 5.7599369
-1.981894 5.751924
-1.984279 5.7439126
-1.986656 5.735895
-1.989027 5.727875
-1.991391 5.7198536
-1.993751 5.7118262
-1.996103 5.7037952
-1.998448 5.6957645
-2.000785 5.6877251
-2.003118 5.67967
-2.005440 5.6716076
-2.007753 5.6635454
-2.010059 5.6554801
-2.012360 5.6474115
-2.014651 5.6393394
-2.016931 5.6312633
-2.019206 5.6231861
-2.021473 5.6151032
-2.023734 5.607017
-2.025990 5.5989244
-2.028237 5.5908245
-2.030481 5.5827197
-2.032719 5.5746083
-2.034948 5.5664901
-2.037168 5.5583666
-2.039380 5.5502366
-2.041582 5.5421075
-2.043776 5.5339686
-2.045961 5.5258237
-2.048138 5.5176749
-2.050309 5.5095241
-2.052474 5.5013716
-2.054635 5.4932162
-2.056785 5.4850565
-2.058931 5.4768886
-2.061069 5.4687124
-2.063201 5.4605283
-2.065329 5.4523418
-2.067447 5.4441531
-2.069557 5.4359618
-2.071661 5.4277664
-2.073754 5.4195721
-2.075840 5.4113712
-2.077916 5.4031697
-2.079985 5.3949661
-2.082045 5.3867552
-2.084096 5.3785391
-2.086137 5.3703262
-2.088169 5.3621067
-2.090196 5.3538828
-2.092215 5.3456552
-2.094222 5.3374276
-2.096226 5.32919
-2.098223 5.3209471
-2.100214 5.3127015
-2.102197 5.3044538
-2.104173 5.2962021
-2.106139 5.287946
-2.108096 5.2796827
-2.110041 5.2714139
-2.111978 5.2631426
-2.113912 5.2548692
-2.115838 5.2465926
-2.117757 5.2383139
-2.119666 5.2300278
-2.121568 5.2217379
-2.123461 5.2134432
-2.125348 5.2051528
-2.127226 5.1968585
-2.129095 5.188556
-2.130957 5.1802424
-2.132810 5.1719246
-2.134651 5.1636038
-2.136485 5.1552831
-2.138314 5.1469553
-2.140132 5.1386244
-2.141937 5.1302905
-2.143735 5.1219556
-2.145525 5.1136157
-2.147307 5.1052733
-2.149083 5.0969241
-2.150849 5.0885686
-2.152610 5.080208
-2.154362 5.0718419
-2.156106 5.0634694
-2.157839 5.0550907
-2.159561 5.0467088
-2.161272 5.0383212
-2.162975 5.0299293
-2.164669 5.0215314
-2.166357 5.0131271
-2.168037 5.0047182
-2.169707 4.9963074
