0.050000 21.5
0.050000 21.499962
0.050000 21.49987
0.050000 21.499726
0.049999 21.49953
0.049999 21.499284
0.049998 21.498986
0.049997 21.498639
0.049997 21.498243
0.049995 21.497799
0.049994 21.497307
0.049992 21.496768
0.049990 21.496182
0.049988 21.495549
0.049986 21.49487
0.049984 21.494146
0.049982 21.493376
0.049979 21.492561
0.049977 21.491701
0.049974 21.490796
0.049971 21.489848
0.049968 21.488856
0.049965 21.487821
0.049962 21.486742
0.049959 21.485621
0.049956 21.484457
0.049952 21.483252
0.049949 21.482005
0.049945 21.480716
0.049942 21.479386
0.049938 21.478015
0.049934 21.476603
0.049930 21.475151
0.049926 21.473659
0.049922 21.472127
0.049917 21.470555
0.049912 21.468943
0.049908 21.467291
0.049903 21.4656
0.049898 21.46387
0.049893 21.462103
0.049887 21.460297
0.049881 21.458453
0.049875 21.456571
0.049869 21.45465
0.049862 21.452692
0.049855 21.450695
0.049848 21.44866
0.049841 21.446588
0.049834 21.444479
0.049827 21.442332
0.049820 21.440148
0.049813 21.437929
0.049806 21.435672
0.049798 21.433381
0.049791 21.431054
0.049784 21.42869
0.049777 21.426291
0.049770 21.423855
0.049764 21.421384
0.049759 21.418878
0.049753 21.416338
0.049747 21.413763
0.049742 21.411154
0.049737 21.40851
0.049731 21.405831
0.049724 21.403118
0.049718 21.400372
0.049712 21.397592
0.049706 21.394779
0.049700 21.391931
0.049695 21.389049
0.049690 21.386133
0.049686 21.383184
0.049681 21.380202
0.049678 21.377186
0.049675 21.374137
0.049670 21.371055
0.049665 21.367941
0.049660 21.364793
0.049655 21.361612
0.049649 21.3584
0.049644 21.355154
0.049637 21.351878
0.049631 21.348569
0.049624 21.34523
0.049617 21.341858
0.049610 21.338454
0.049602 21.335019
0.049593 21.331553
0.049584 21.328055
0.049574 21.324524
0.049564 21.320961
0.049553 21.317368
0.049543 21.313744
0.049533 21.310089
0.049522 21.306405
0.049511 21.302689
0.049499 21.298942
0.049488 21.295165
0.049478 21.291357
0.049467 21.287521
0.049458 21.283656
0.049448 21.279761
0.049438 21.275837
0.049427 21.271884
0.049417 21.267901
0.049409 21.263888
0.049401 21.259844
0.049393 21.255773
0.049386 21.251672
0.049380 21.247541
0.049372 21.243383
0.049364 21.239195
0.049357 21.234978
0.049350 21.230732
0.049342 21.226458
0.049334 21.222158
0.049325 21.217829
0.049317 21.213472
0.049307 21.209086
0.049296 21.204673
0.049284 21.20023
0.049272 21.195757
0.049260 21.191258
0.049249 21.186731
0.049236 21.182177
0.049223 21.177595
0.049209 21.172986
0.049196 21.16835
0.049182 21.163686
0.049169 21.158997
0.049156 21.154283
0.049144 21.149541
0.049131 21.144774
0.049119 21.139979
0.049108 21.135157
0.049099 21.130309
0.049090 21.125434
0.049080 21.120533
0.049071 21.115606
0.049061 21.110652
0.049052 21.105672
0.049044 21.100666
0.049034 21.095637
0.049025 21.090581
0.049015 21.0855
0.049004 21.080394
0.048991 21.07526
0.048979 21.070099
0.048966 21.064912
0.048953 21.059701
0.048939 21.054465
0.048925 21.049204
0.048911 21.043919
0.048896 21.038608
0.048881 21.033273
0.048867 21.027917
0.048853 21.022537
0.048839 21.017131
0.048826 21.0117
0.048815 21.006245
0.048805 21.000765
0.048794 20.995262
0.048783 20.989734
0.048773 20.984183
0.048763 20.978606
0.048753 20.973006
0.048744 20.967385
0.048733 20.96174
0.048722 20.956071
0.048709 20.950377
0.048697 20.944657
0.048684 20.938914
0.048671 20.933148
0.048657 20.927359
0.048642 20.921548
0.048627 20.915713
0.048611 20.909856
0.048596 20.903978
0.048581 20.898079
0.048567 20.892158
0.048553 20.886212
0.048541 20.880244
0.048530 20.874253
0.048519 20.86824
0.048508 20.862205
0.048497 20.856148
0.048487 20.850067
0.048477 20.843967
0.048467 20.837845
0.048456 20.831701
0.048443 20.825534
0.048430 20.819343
0.048417 20.81313
0.048404 20.806895
0.048390 20.800639
0.048375 20.794363
0.048359 20.788064
0.048344 20.781747
0.048329 20.775408
0.048313 20.769051
0.048299 20.762672
0.048286 20.75627
0.048274 20.749847
0.048263 20.743405
0.048251 20.736941
0.048240 20.730457
0.048229 20.723951
0.048220 20.717427
0.048209 20.710881
0.048197 20.704316
0.048185 20.697728
0.048172 20.691117
0.048159 20.684486
0.048145 20.677835
0.048131 20.671165
0.048115 20.664475
0.048099 20.657766
0.048084 20.651036
0.048068 20.64429
0.048053 20.637523
0.048040 20.630735
0.048028 20.623927
0.048015 20.617101
0.048004 20.610255
0.047992 20.603389
0.047981 20.596504
0.047971 20.589599
0.047960 20.582675
0.047948 20.575732
0.047934 20.568766
0.047921 20.56178
0.047907 20.554777
0.047893 20.547754
0.047878 20.540713
0.047861 20.533654
0.047846 20.526575
0.047829 20.519479
0.047814 20.512365
0.047800 20.50523
0.047788 20.498076
0.047775 20.490906
0.047763 20.483716
0.047750 20.476507
0.047740 20.469281
0.047729 20.462035
0.047717 20.45477
0.047703 20.447486
0.047690 20.440182
0.047676 20.432858
0.047662 20.425518
0.047646 20.41816
0.047629 20.410784
0.047612 20.40339
0.047596 20.395978
0.047579 20.388547
0.047564 20.381099
0.047550 20.373632
0.047536 20.366149
0.047523 20.358649
0.047509 20.351129
0.047498 20.343593
0.047486 20.336037
0.047472 20.328463
0.047458 20.320869
0.047443 20.313257
0.047428 20.305627
0.047413 20.297981
0.047395 20.290317
0.047377 20.282637
0.047360 20.274938
0.047342 20.267223
0.047325 20.259487
0.047309 20.251736
0.047294 20.243969
0.047279 20.236185
0.047265 20.228382
0.047251 20.220562
0.047238 20.212725
0.047224 20.204869
0.047209 20.196992
0.047193 20.189096
0.047176 20.181185
0.047159 20.173257
0.047140 20.165313
0.047120 20.157352
0.047100 20.149374
0.047081 20.141379
0.047062 20.133364
0.047045 20.125332
0.047027 20.117284
0.047010 20.109219
0.046993 20.101136
0.046978 20.093037
0.046962 20.08492
0.046945 20.076786
0.046928 20.06863
0.046909 20.060458
0.046890 20.052269
0.046870 20.044064
0.046848 20.035844
0.046827 20.027606
0.046805 20.019352
0.046784 20.01108
0.046763 20.002791
0.046743 19.994485
0.046724 19.986165
0.046705 19.977826
0.046687 19.969472
0.046669 19.961101
0.046650 19.952713
0.046630 19.944304
0.046608 19.935878
0.046588 19.927438
0.046565 19.918982
0.046540 19.910511
0.046516 19.902022
0.046492 19.893518
0.046468 19.884995
0.046445 19.876456
0.046422 19.867904
0.046400 19.859334
0.046378 19.850749
0.046357 19.842146
0.046336 19.833528
0.046313 19.82489
0.046290 19.816235
0.046265 19.807564
0.046241 19.798877
0.046214 19.790177
0.046186 19.781458
0.046158 19.772725
0.046131 19.763975
0.046103 19.755206
0.046077 19.746424
0.046051 19.737627
0.046026 19.728812
0.046000 19.719982
0.045976 19.711136
0.045950 19.702273
0.045923 19.69339
0.045895 19.684491
0.045867 19.675577
0.045837 19.66665
0.045805 19.657705
0.045774 19.648744
0.045743 19.639768
0.045711 19.630774
0.045681 19.621765
0.045651 19.612742
0.045622 19.603702
0.045593 19.594646
0.045564 19.585575
0.045534 19.576486
0.045503 19.567378
0.045471 19.558254
0.045439 19.549115
0.045405 19.539964
0.045369 19.530794
0.045334 19.52161
0.045299 19.512409
0.045263 19.50319
0.045229 19.493958
0.045195 19.48471
0.045162 19.475447
0.045129 19.466167
0.045096 19.456872
0.045061 19.447558
0.045025 19.438226
0.044989 19.42888
0.044952 19.419521
0.044912 19.410145
0.044873 19.400753
0.044833 19.391346
0.044793 19.38192
0.044754 19.372481
0.044716 19.363026
0.044679 19.353557
0.044641 19.344071
0.044604 19.33457
0.044566 19.32505
0.044527 19.315512
0.044486 19.305959
0.044446 19.296393
0.044403 19.286812
0.044359 19.277214
0.044316 19.267601
0.044272 19.25797
0.044229 19.248324
0.044186 19.238664
0.044145 19.22899
0.044103 19.219297
0.044062 19.20959
0.044020 19.199864
0.043977 19.190121
0.043933 19.180362
0.043888 19.170592
0.043842 19.160805
0.043795 19.151002
0.043747 19.141183
0.043700 19.131346
0.043653 19.121498
0.043607 19.111633
0.043562 19.101755
0.043517 19.091857
0.043472 19.081946
0.043427 19.072016
0.043379 19.062069
0.043331 19.052108
0.043282 19.042135
0.043232 19.032144
0.043181 19.022139
0.043130 19.012115
0.043079 19.002077
0.043029 18.992026
0.042980 18.981961
0.042931 18.971878
0.042882 18.96178
0.042834 18.951664
0.042783 18.941531
0.042731 18.931384
0.042680 18.921223
0.042626 18.911048
0.042571 18.900855
0.042517 18.890647
0.042462 18.880422
0.042409 18.870185
0.042356 18.859934
0.042303 18.849668
0.042250 18.839384
0.042198 18.829085
0.042145 18.818767
0.042090 18.808435
0.042034 18.798089
0.041978 18.78773
0.041919 18.777353
0.041861 18.76696
0.041803 18.756552
0.041745 18.746131
0.041688 18.735695
0.041632 18.725245
0.041575 18.714778
0.041519 18.704295
0.041462 18.693794
0.041403 18.683279
0.041344 18.672749
0.041283 18.662206
0.041221 18.651646
0.041159 18.641071
0.041097 18.630479
0.041036 18.619876
0.040976 18.609257
0.040915 18.598624
0.040855 18.587974
0.040795 18.577308
0.040735 18.566625
0.040672 18.555929
0.040610 18.545217
0.040546 18.534492
0.040480 18.523751
0.040415 18.512993
0.040350 18.502221
0.040287 18.491436
0.040223 18.480635
0.040159 18.469821
0.040096 18.458989
0.040034 18.448141
0.039969 18.437278
0.039904 18.426401
0.039838 18.415509
0.039770 18.404602
0.039702 18.39368
0.039633 18.382744
0.039566 18.371792
0.039501 18.360825
0.039434 18.349845
0.039368 18.338848
0.039303 18.327837
0.039236 18.316809
0.039168 18.305767
0.039100 18.294709
0.039030 18.283638
0.038959 18.272551
0.038888 18.261452
0.038818 18.250335
0.038749 18.239204
0.038680 18.228058
0.038612 18.216898
0.038543 18.205723
0.038475 18.194532
0.038404 18.183325
0.038333 18.172102
0.038261 18.160867
0.038188 18.149616
0.038114 18.138353
0.038042 18.127072
0.037971 18.115777
0.037899 18.104465
0.037828 18.093141
0.037758 18.081801
0.037687 18.070448
0.037614 18.059076
0.037541 18.047689
0.037467 18.03629
0.037391 18.024875
0.037316 18.013448
0.037241 18.002003
0.037168 17.990544
0.037094 17.979069
0.037020 17.96758
0.036947 17.956077
0.036874 17.944559
0.036798 17.933024
0.036722 17.921473
0.036646 17.90991
0.036568 17.898332
0.036491 17.886741
0.036414 17.87513
0.036339 17.863504
0.036263 17.851863
0.036187 17.840208
0.036113 17.82854
0.036037 17.816854
0.035959 17.805151
0.035881 17.793434
0.035802 17.781705
0.035722 17.769962
0.035643 17.758203
0.035564 17.746426
0.035486 17.734633
0.035407 17.722827
0.035329 17.711008
0.035251 17.699175
0.035171 17.687323
0.035090 17.675455
0.035010 17.663574
0.034928 17.651682
0.034845 17.639775
0.034764 17.62785
0.034683 17.615909
0.034601 17.603953
0.034520 17.591985
0.034439 17.580004
0.034358 17.568006
0.034275 17.55599
0.034191 17.54396
0.034108 17.531918
0.034023 17.519865
0.033939 17.507794
0.033855 17.495706
0.033772 17.483602
0.033689 17.471485
0.033606 17.459357
0.033524 17.447214
0.033439 17.435051
0.033354 17.422874
0.033269 17.410684
0.033183 17.398484
0.033097 17.386266
0.033011 17.374031
0.032926 17.36178
0.032841 17.349516
0.032756 17.337241
0.032671 17.324951
0.032585 17.312643
0.032499 17.300318
0.032412 17.287982
0.032325 17.275634
0.032238 17.26327
0.032150 17.250889
0.032064 17.238491
0.031977 17.226081
0.031891 17.213658
0.031805 17.201223
0.031718 17.188769
0.031630 17.176299
0.031542 17.163817
0.031454 17.151323
0.031366 17.138813
0.031278 17.126286
0.031190 17.113743
0.031102 17.101187
0.031015 17.088618
0.030928 17.076037
0.030840 17.063438
0.030752 17.050822
0.030663 17.038195
0.030575 17.025556
0.030486 17.012902
0.030397 17.000229
0.030309 16.987541
0.030221 16.97484
0.030133 16.962127
0.030045 16.949399
0.029958 16.936655
0.029869 16.923895
0.029781 16.911125
0.029693 16.898342
0.029605 16.885542
0.029516 16.872725
0.029428 16.859895
0.029340 16.847051
0.029253 16.834195
0.029166 16.821323
0.029079 16.808435
0.028991 16.795533
0.028903 16.782619
0.028816 16.769692
0.028729 16.756748
0.028642 16.743788
0.028555 16.730815
0.028469 16.717829
0.028383 16.70483
0.028297 16.691815
0.028212 16.678785
0.028126 16.665741
0.028040 16.652685
0.027955 16.639614
0.027870 16.626526
0.027784 16.613425
0.027700 16.60031
0.027616 16.587183
0.027531 16.574041
0.027448 16.560884
0.027364 16.547712
0.027280 16.534529
0.027197 16.521331
0.027114 16.508118
0.027031 16.494889
0.026948 16.481648
0.026867 16.468394
0.026786 16.455126
0.026704 16.441843
0.026624 16.428548
0.026543 16.415237
0.026463 16.401914
0.026383 16.388576
0.026304 16.375222
0.026224 16.361855
0.026145 16.348476
0.026067 16.335083
0.025989 16.321676
0.025912 16.30826
0.025835 16.294832
0.025758 16.281391
0.025682 16.267935
0.025606 16.254465
0.025529 16.240983
0.025454 16.227489
0.025379 16.21398
0.025304 16.200458
0.025230 16.186926
0.025157 16.173379
0.025083 16.159822
0.025011 16.146249
0.024939 16.132665
0.024865 16.119067
0.024792 16.105457
0.024721 16.091834
0.024650 16.078198
0.024579 16.06455
0.024509 16.050889
0.024439 16.037216
0.024370 16.023528
0.024303 16.009829
0.024234 15.996117
0.024165 15.982393
0.024098 15.96866
0.024031 15.954911
0.023964 15.941152
0.023899 15.927379
0.023834 15.913594
0.023770 15.899794
0.023706 15.885982
0.023642 15.872158
0.023577 15.858324
0.023515 15.844482
0.023452 15.830624
0.023390 15.816757
0.023329 15.802879
0.023269 15.788988
0.023209 15.77508
0.023150 15.76116
0.023090 15.747232
0.023031 15.733293
0.022973 15.719347
0.022915 15.705387
0.022859 15.691417
0.022803 15.677438
0.022748 15.663451
0.022693 15.649451
0.022641 15.635438
0.022586 15.621417
0.022533 15.607389
0.022481 15.593353
0.022428 15.579304
0.022377 15.565247
0.022327 15.551183
0.022278 15.537112
0.022231 15.523031
0.022185 15.508945
0.022136 15.49486
0.022091 15.480768
0.022046 15.466669
0.022001 15.452558
0.021957 15.438442
0.021913 15.424321
0.021872 15.410196
0.021830 15.396068
0.021793 15.381941
0.021752 15.367823
0.021714 15.353713
0.021676 15.339632
0.021641 15.32555
0.021605 15.31146
0.021567 15.297365
0.021533 15.283277
0.021498 15.26923
0.021464 15.255223
0.021428 15.241219
0.021400 15.227218
0.021374 15.213257
0.021345 15.199376
0.021314 15.185542
0.021341 15.172599
0.021360 15.159622
0.021387 15.146592
0.021415 15.133506
0.021442 15.120382
0.021468 15.107235
0.021495 15.094081
0.021525 15.080973
0.021556 15.067854
0.021587 15.054728
0.021618 15.041602
0.021649 15.028467
0.021683 15.015325
0.021718 15.002173
0.021752 14.989019
0.021788 14.975862
0.021825 14.962699
0.021864 14.949528
0.021902 14.936348
0.021941 14.923169
0.021978 14.909983
0.022017 14.896791
0.022059 14.883594
0.022100 14.870392
0.022141 14.857186
0.022183 14.843977
0.022226 14.830761
0.022271 14.817538
0.022316 14.804311
0.022361 14.791079
0.022405 14.777841
0.022452 14.764595
0.022500 14.751347
0.022547 14.738096
0.022596 14.724843
0.022645 14.711583
0.022696 14.698312
0.022747 14.68504
0.022798 14.671763
0.022848 14.65848
0.022901 14.645189
0.022954 14.631893
0.023008 14.618597
0.023062 14.605294
0.023116 14.591987
0.023172 14.57867
0.023228 14.565351
0.023284 14.552026
0.023339 14.538695
0.023395 14.525358
0.023453 14.512014
0.023512 14.498672
0.023571 14.485321
0.023630 14.471968
0.023690 14.458604
0.023750 14.445238
0.023811 14.431872
0.023870 14.418494
0.023930 14.405115
0.023992 14.391727
0.024055 14.378341
0.024121 14.364953
0.024186 14.351564
0.024251 14.338169
0.024316 14.324768
0.024382 14.311365
0.024451 14.29796
0.024516 14.284549
0.024583 14.271133
0.024652 14.257711
0.024723 14.244292
0.024793 14.230874
0.024864 14.21745
0.024937 14.204023
0.025010 14.190589
0.025085 14.177154
0.025156 14.163713
0.025228 14.150267
0.025304 14.13682
0.025379 14.123368
0.025454 14.109911
0.025531 14.096454
0.025608 14.082991
0.025686 14.069526
0.025765 14.056051
0.025842 14.042574
0.025920 14.029099
0.026000 14.015615
0.026080 14.002124
0.026161 13.988628
0.026243 13.975135
0.026325 13.961635
0.026408 13.948132
0.026493 13.934621
0.026577 13.921107
0.026659 13.907587
0.026744 13.894065
0.026829 13.880537
0.026915 13.867001
0.027000 13.853462
0.027087 13.839919
0.027175 13.826375
0.027266 13.812827
0.027356 13.799269
0.027442 13.785708
0.027532 13.772145
0.027623 13.758578
0.027713 13.745001
0.027804 13.731422
0.027896 13.717839
0.027989 13.704253
0.028084 13.690663
0.028180 13.677069
0.028272 13.663471
0.028366 13.649875
0.028462 13.63627
0.028556 13.622659
0.028652 13.609046
0.028749 13.595431
0.028847 13.581812
0.028946 13.568185
0.029046 13.554553
0.029143 13.540926
0.029241 13.527289
0.029341 13.513649
0.029439 13.500003
0.029539 13.486354
0.029639 13.472702
0.029741 13.459047
0.029843 13.445388
0.029947 13.431721
0.030048 13.418056
0.030149 13.404386
0.030252 13.390711
0.030353 13.377031
0.030457 13.36335
0.030560 13.349659
0.030664 13.335964
0.030770 13.322268
0.030876 13.308568
0.030980 13.294863
0.031080 13.281145
0.031184 13.267431
0.031287 13.253712
0.031392 13.23999
0.031495 13.226256
0.031600 13.212518
0.031705 13.198782
0.031812 13.185042
0.031917 13.171299
0.032017 13.157553
0.032120 13.143803
0.032221 13.130048
0.032326 13.116291
0.032429 13.102528
0.032534 13.088762
0.032639 13.074995
0.032744 13.06122
0.032848 13.047441
0.032949 13.033664
0.033048 13.019882
0.033148 13.006091
0.033248 12.99229
0.033350 12.978495
0.033453 12.964693
0.033557 12.95089
0.033659 12.937079
0.033760 12.923264
0.033857 12.909449
0.033954 12.895632
0.034051 12.881809
0.034148 12.867978
0.034244 12.85414
0.034342 12.8403
0.034440 12.826457
0.034538 12.812611
0.034635 12.79876
0.034725 12.784906
0.034814 12.771053
0.034903 12.757194
0.034993 12.74333
0.035082 12.729457
0.035173 12.715588
0.035264 12.701715
0.035356 12.687837
0.035445 12.673956
0.035528 12.660073
0.035609 12.646189
0.035691 12.6323
0.035773 12.618403
0.035855 12.604507
0.035937 12.590607
0.036021 12.576705
0.036103 12.562794
0.036182 12.548879
0.036255 12.534965
0.036324 12.521041
0.036395 12.507117
0.036464 12.493182
0.036535 12.479252
0.036608 12.465325
0.036681 12.451394
0.036755 12.43746
0.036822 12.423524
0.036884 12.409588
0.036945 12.395651
0.037006 12.381709
0.037068 12.367764
0.037128 12.353817
0.037190 12.339869
0.037254 12.325921
0.037318 12.311971
0.037376 12.298015
0.037429 12.28406
0.037480 12.270101
0.037531 12.256138
0.037586 12.242173
0.037638 12.228202
0.037689 12.214224
0.037744 12.200248
0.037798 12.18627
0.037847 12.172291
0.037890 12.158311
0.037932 12.144333
0.037976 12.130349
0.038020 12.116359
0.038062 12.102368
0.038106 12.088373
0.038151 12.074378
0.038196 12.060378
0.038235 12.046376
0.038268 12.032372
0.038299 12.01837
0.038331 12.004356
0.038363 11.99034
0.038393 11.976323
0.038427 11.962306
0.038461 11.948284
0.038489 11.934249
0.038514 11.920222
0.038532 11.906194
0.038550 11.892161
0.038570 11.87813
0.038587 11.864093
0.038604 11.850053
0.038622 11.836007
0.038643 11.821962
0.038661 11.807914
0.038673 11.793862
0.038678 11.779811
0.038683 11.765755
0.038688 11.751696
0.038690 11.737634
0.038692 11.723572
0.038698 11.709504
0.038702 11.695428
0.038702 11.681351
0.038699 11.667273
0.038688 11.653194
0.038678 11.639111
0.038665 11.625026
0.038649 11.610941
0.038635 11.596854
0.038624 11.582761
0.038613 11.568666
0.038597 11.554568
0.038578 11.540466
0.038552 11.526363
0.038524 11.512256
0.038496 11.498152
0.038464 11.484046
0.038435 11.469941
0.038408 11.455831
0.038381 11.441722
0.038350 11.427607
0.038317 11.413497
0.038281 11.399389
0.038242 11.385277
0.038197 11.371165
0.038149 11.357048
0.038105 11.342929
0.038063 11.328809
0.038018 11.314685
0.037969 11.300555
0.037917 11.286429
0.037865 11.272307
0.037808 11.25818
0.037743 11.244053
0.037677 11.229926
0.037615 11.215797
0.037556 11.201665
0.037492 11.187529
0.037428 11.173394
0.037359 11.15926
0.037285 11.145114
0.037204 11.130971
0.037120 11.11683
0.037034 11.102687
0.036953 11.088545
0.036874 11.0744
0.036790 11.06025
0.036702 11.046097
0.036610 11.03194
0.036518 11.017787
0.036418 11.00363
0.036316 10.989472
0.036209 10.975314
0.036105 10.961149
0.036002 10.946982
0.035896 10.932814
0.035786 10.918642
0.035675 10.904469
0.035557 10.890293
0.035433 10.876123
0.035308 10.861951
0.035178 10.847776
0.035050 10.833594
0.034925 10.819415
0.034794 10.80523
0.034656 10.791038
0.034519 10.776851
0.034376 10.762666
0.034231 10.748488
0.034083 10.734307
0.033936 10.720127
0.033791 10.705945
0.033644 10.691761
0.033493 10.677577
0.033337 10.663383
0.033177 10.649192
0.033013 10.635004
0.032845 10.620814
0.032675 10.606626
0.032507 10.59244
0.032340 10.578254
0.032170 10.564067
0.031994 10.549875
0.031816 10.535683
0.031631 10.521494
0.031437 10.507296
0.031244 10.4931
0.031050 10.478909
0.030855 10.464719
0.030656 10.450525
0.030450 10.436326
0.030245 10.422132
0.030035 10.407941
0.029819 10.393751
0.029595 10.379549
0.029365 10.365338
0.029135 10.351135
0.028909 10.336936
0.028677 10.322732
0.028434 10.308519
0.028192 10.294315
0.027942 10.280116
0.027690 10.265914
0.027433 10.251705
0.027171 10.237495
0.026905 10.223285
0.026642 10.209079
0.026374 10.194868
0.026105 10.180662
0.025830 10.166464
0.025551 10.152271
0.025270 10.13807
0.024983 10.123866
0.024687 10.109657
0.024392 10.095453
0.024100 10.081252
0.023805 10.067048
0.023497 10.052843
0.023179 10.03864
0.022859 10.024436
0.022540 10.010226
0.022217 9.9960245
0.021893 9.981823
0.021576 9.967633
0.021261 9.9534459
0.020943 9.9392565
0.020612 9.9250692
0.020271 9.9108888
0.019928 9.8967001
0.019578 9.882504
0.019221 9.8683174
0.018867 9.8541327
0.018516 9.8399624
0.018167 9.8257936
0.017819 9.8116286
0.017460 9.7974734
0.017090 9.7833204
0.016719 9.769161
0.016336 9.7549986
0.015953 9.7408468
0.015568 9.7266973
0.015189 9.7125646
0.014814 9.698437
0.014436 9.6843162
0.014046 9.6702026
0.013648 9.6560887
0.013249 9.6419734
0.012839 9.62786
0.012431 9.6137514
0.012018 9.5996514
0.011604 9.5855625
0.011192 9.5714713
0.010776 9.5573927
0.010349 9.5433176
0.009914 9.5292431
0.009483 9.5151727
0.009046 9.5011095
0.008606 9.4870492
0.008162 9.4730029
0.007716 9.4589591
0.007273 9.4449191
0.006825 9.4308918
0.006371 9.416863
0.005912 9.4028378
0.005460 9.3888303
0.005006 9.3748259
0.004544 9.3608185
0.004076 9.3468212
0.003612 9.3328331
0.003151 9.3188587
0.002682 9.3048888
0.002211 9.2909149
0.001739 9.2769535
0.001274 9.2630116
0.000805 9.2490774
0.000331 9.2351342
-0.000143 9.2212056
-0.000613 9.2072922
-0.001078 9.1934011
-0.001549 9.1795124
-0.002023 9.1656172
-0.002493 9.1517405
-0.002961 9.1378819
-0.003431 9.1240343
-0.003900 9.1101829
-0.004369 9.0963486
-0.004836 9.0825316
-0.005306 9.0687279
-0.005772 9.0549388
-0.006241 9.0411468
-0.006706 9.0273661
-0.007174 9.0136028
-0.007644 8.9998522
-0.008107 8.9861101
-0.008575 8.9723777
-0.009039 8.9586573
-0.009505 8.9449487
-0.009963 8.9312573
-0.010422 8.9175737
-0.010879 8.9038981
-0.011336 8.8902367
-0.011793 8.8765876
-0.012246 8.8629489
-0.012699 8.849324
-0.013147 8.8357151
-0.013596 8.8221131
-0.014038 8.808531
-0.014474 8.7949583
-0.014909 8.7813962
-0.015344 8.7678459
-0.015772 8.7543086
-0.016194 8.7407905
-0.016615 8.7272809
-0.017030 8.7137892
-0.017442 8.700308
-0.017850 8.6868466
-0.018248 8.6734061
-0.018643 8.6599726
-0.019037 8.6465498
-0.019431 8.6331359
-0.019811 8.6197483
-0.020189 8.6063699
-0.020564 8.593008
-0.020931 8.5796584
-0.021299 8.5663244
-0.021657 8.5530147
-0.022007 8.5397221
-0.022353 8.5264378
-0.022699 8.5131613
-0.023036 8.4999038
-0.023364 8.486662
-0.023692 8.4734443
-0.024011 8.4602384
-0.024329 8.4470465
-0.024640 8.4338779
-0.024939 8.4207246
-0.025231 8.407589
-0.025519 8.3944596
-0.025802 8.3813462
-0.026074 8.3682514
-0.026340 8.355172
-0.026599 8.3421115
-0.026852 8.329065
-0.027097 8.3160336
-0.027330 8.3030218
-0.027552 8.290027
-0.027767 8.2770476
-0.027976 8.264079
-0.028176 8.2511236
-0.028366 8.238188
-0.028550 8.2252688
-0.028724 8.2123696
-0.028893 8.199485
-0.029051 8.1866187
-0.029195 8.1737701
-0.029329 8.1609397
-0.029456 8.1481253
-0.029573 8.1353198
-0.029681 8.1225292
-0.029779 8.1097599
-0.029868 8.0970052
-0.029952 8.0842745
-0.030025 8.0715564
-0.030085 8.0588534
-0.030133 8.0461707
-0.030170 8.0335069
-0.030198 8.0208594
-0.030217 8.0082193
-0.030226 7.9955942
-0.030226 7.9829909
-0.030216 7.9704019
-0.030199 7.9578377
-0.030170 7.9452832
-0.030127 7.9327444
-0.030069 7.9202254
-0.030000 7.9077251
-0.029922 7.89524
-0.029833 7.8827622
-0.029733 7.8702992
-0.029623 7.8578575
-0.029502 7.8454307
-0.029371 7.8330256
-0.029228 7.8206329
-0.029070 7.8082561
-0.028899 7.7958972
-0.028714 7.7835579
-0.028519 7.7712298
-0.028314 7.7589118
-0.028096 7.7466094
-0.027867 7.7343252
-0.027626 7.7220581
-0.027374 7.7098066
-0.027111 7.6975686
-0.026834 7.6853502
-0.026542 7.6731467
-0.026237 7.6609608
-0.025922 7.6487835
-0.025598 7.6366173
-0.025261 7.6244727
-0.024909 7.6123417
-0.024548 7.6002306
-0.024173 7.5881329
-0.023788 7.5760496
-0.023388 7.5639848
-0.022974 7.5519374
-0.022545 7.5399064
-0.022106 7.5278839
-0.021656 7.5158686
-0.021194 7.5038711
-0.020714 7.4918931
-0.020225 7.4799286
-0.019723 7.4679781
-0.019207 7.456038
-0.018682 7.4441111
-0.018141 7.4322112
-0.017583 7.4203185
-0.017017 7.4084366
-0.016439 7.3965636
-0.015851 7.3847045
-0.015243 7.3728611
-0.014625 7.3610333
-0.013996 7.3492179
-0.013353 7.3374202
-0.012699 7.3256313
-0.012030 7.3138599
-0.011345 7.3021026
-0.010649 7.2903548
-0.009942 7.2786192
-0.009225 7.2668961
-0.008493 7.2551861
-0.007745 7.2434842
-0.006985 7.2317949
-0.006211 7.220119
-0.005427 7.2084555
-0.004631 7.1968064
-0.003821 7.185174
-0.002995 7.1735378
-0.002161 7.1619126
-0.001310 7.1503001
-0.000449 7.1387083
0.000423 7.1271266
0.001311 7.1155401
0.002210 7.1039648
0.003120 7.0924048
0.004047 7.0808605
0.004986 7.0693299
0.005933 7.0578127
0.006895 7.0462977
0.007868 7.0347924
0.008857 7.0233022
0.009857 7.0118237
0.010867 7.0003566
0.011887 6.9888979
0.012923 6.9774526
0.013971 6.9660212
0.015032 6.9545954
0.016108 6.9431786
0.017192 6.9317814
0.018285 6.9203887
0.019392 6.9090036
0.020513 6.8976227
0.021648 6.8862464
0.022791 6.8748874
0.023946 6.8635351
0.025114 6.8521961
0.026294 6.8408631
0.027490 6.8295376
0.028697 6.8182224
0.029914 6.8069154
0.031138 6.7956179
0.032372 6.7843278
0.033619 6.773049
0.034879 6.7617719
0.036151 6.7505004
0.037437 6.739238
0.038731 6.7279865
0.040042 6.7167471
0.041367 6.7055165
0.042702 6.6942875
0.044044 6.6830676
0.045395 6.6718598
0.046754 6.6606609
0.048126 6.6494657
0.049507 6.6382831
0.050901 6.62711
0.052309 6.6159451
0.053723 6.6047916
0.055152 6.593643
0.056594 6.5824983
0.058044 6.5713619
0.059506 6.5602358
0.060978 6.549109
0.062457 6.5379922
0.063944 6.5268786
0.065442 6.5157744
0.066948 6.5046844
0.068462 6.4936069
0.069991 6.4825347
0.071525 6.4714715
0.073071 6.4604154
0.074630 6.4493697
0.076201 6.4383333
0.077781 6.4273046
0.079370 6.4162841
0.080970 6.4052749
0.082578 6.3942726
0.084195 6.3832738
0.085818 6.3722857
0.087448 6.3613061
0.089092 6.3503349
0.090740 6.3393757
0.092396 6.328425
0.094065 6.3174779
0.095750 6.3065344
0.097441 6.2956016
0.099141 6.2846768
0.100847 6.2737535
0.102559 6.2628407
0.104281 6.2519389
0.106014 6.2410478
0.107753 6.2301605
0.109499 6.2192847
0.111259 6.2084153
0.113025 6.1975541
0.114803 6.1867029
0.116590 6.1758589
0.118379 6.1650162
0.120177 6.1541781
0.121980 6.1433534
0.123790 6.1325365
0.125611 6.1217201
0.127442 6.1108997
0.129278 6.1000888
0.131124 6.0892904
0.132981 6.0785012
0.134846 6.0677216
0.136713 6.056951
0.138588 6.0461836
0.140469 6.0354218
0.142361 6.0246676
0.144263 6.0139148
0.146167 6.0031724
0.148078 5.9924386
0.149997 5.981712
0.151925 5.9709896
0.153860 5.960273
0.155807 5.9495613
0.157760 5.9388556
0.159716 5.9281528
0.161674 5.9174564
0.163638 5.9067668
0.165607 5.8960806
0.167585 5.885395
0.169572 5.8747163
0.171565 5.8640479
0.173566 5.853383
0.175572 5.8427316
0.177591 5.8320825
0.179611 5.8214368
0.181639 5.8107997
0.183672 5.8001655
0.185707 5.7895341
0.187747 5.7789055
0.189794 5.7682823
0.191844 5.7576705
0.193899 5.7470696
0.195961 5.7364731
0.198030 5.7258834
0.200103 5.7153066
0.202181 5.7047338
0.204271 5.6941642
0.206368 5.6835997
0.208469 5.6730442
0.210572 5.6624994
0.212684 5.6519559
0.214800 5.6414188
0.216916 5.6308839
0.219037 5.620352
0.221160 5.6098307
0.223289 5.5993138
0.225423 5.5888035
0.227562 5.578305
0.229708 5.5678131
0.231856 5.5573324
0.234010 5.5468538
0.236166 5.5363778
0.238324 5.525911
0.240482 5.5154493
0.242646 5.5049929
0.244817 5.4945402
0.246994 5.4840886
0.249175 5.4736428
0.251360 5.4631989
0.253550 5.4527715
0.255744 5.442349
0.257939 5.4319305
0.260140 5.4215131
0.262341 5.4110997
0.264549 5.4006963
0.266763 5.3902943
0.268974 5.379897
0.271188 5.3695092
0.273406 5.3591245
0.275630 5.3487464
0.277856 5.3383698
0.280091 5.3279973
0.282327 5.3176293
0.284564 5.3072618
0.286800 5.2968968
0.289036 5.2865405
0.291275 5.2761858
0.293515 5.2658312
0.295761 5.2554772
0.298011 5.2451302
0.300263 5.2347941
0.302517 5.2244619
0.304777 5.2141339
0.307042 5.2038011
0.309306 5.1934805
0.311574 5.1831579
0.313843 5.1728319
0.316112 5.1625128
0.318380 5.1521953
0.320651 5.141889
0.322923 5.1315932
0.325193 5.1213091
0.327468 5.1110253
0.329746 5.1007453
0.332023 5.0904735
0.334302 5.0802092
0.336587 5.0699424
0.338878 5.0596808
0.341168 5.0494222
0.343458 5.0391687
0.345750 5.0289198
0.348041 5.018673
0.350331 5.0084257
0.352623 4.9981909
0.354916 4.9879614
0.357207 4.9777405
0.359501 4.9675224
0.361801 4.9573084
0.364097 4.947101
0.366397 4.9369021
0.368699 4.9267046
0.370995 4.9165029
0.373293 4.9063035
0.375590 4.8961103
0.377885 4.8859234
0.380181 4.8757366
0.382479 4.8655461
0.384779 4.8553628
0.387079 4.8451858
0.389381 4.8350124
0.391685 4.8248399
0.393987 4.8146715
0.396287 4.8045109
0.398584 4.7943523
0.400882 4.7841935
0.403180 4.7740354
0.405480 4.7638768
0.407780 4.7537178
0.410081 4.7435594
0.412377 4.7334052
0.414676 4.7232581
0.416978 4.713112
0.419281 4.7029691
0.421582 4.6928203
0.423881 4.6826779
0.426176 4.6725418
0.428468 4.6624054
0.430760 4.6522698
0.433051 4.6421328
0.435339 4.6320071
0.437627 4.6218802
0.439916 4.6117474
0.442203 4.6016217
0.444491 4.5914998
0.446778 4.5813817
0.449068 4.5712681
0.451356 4.5611606
0.453643 4.5510544
0.455926 4.5409547
0.458209 4.5308564
0.460490 4.5207597
0.462766 4.5106648
0.465040 4.50057
0.467310 4.4904794
0.469579 4.4803922
0.471847 4.4703072
0.474111 4.4602272
0.476377 4.4501504
0.478641 4.4400786
0.480904 4.4300127
0.483165 4.4199448
0.485421 4.4098774
0.487674 4.3998135
0.489921 4.3897525
0.492168 4.3796928
0.494417 4.3696331
0.496664 4.3595718
0.498909 4.3495126
0.501152 4.3394519
0.503394 4.3294016
0.505634 4.3193552
0.507867 4.3093097
0.510102 4.2992619
0.512330 4.2892137
0.514558 4.2791726
0.516787 4.2691283
0.519010 4.2590834
0.521228 4.2490448
0.523443 4.2390077
0.525658 4.228973
0.527870 4.2189369
0.530081 4.208902
0.532292 4.1988661
0.534498 4.1888289
0.536698 4.1787905
0.538892 4.1687536
0.541082 4.1587197
